theory:
  classy:
    path: .
    extra_args:
      non_linear: halofit
      N_ncdm: 1
      N_ur: 2.0328
      has_unified_a10: 'yes'
likelihood:
  planck_2018_highl_plik.TTTEEE:
    path: null
    clik_file: baseline/plc_3.0/hi_l/plik/plik_rd12_HM_v22b_TTTEEE.clik
    prior:
      SZ: 'lambda ksz_norm, A_sz: stats.norm.logpdf(ksz_norm+1.6*A_sz, loc=9.5, scale=3.0)'
  planck_2018_lowl.TT: null
  planck_2018_lowl.EE: null
  bao.sdss_dr12_consensus_bao: null
  sn.pantheonplus: null
  shoes_H0:
    external: 'lambda _self, H0: -0.5 * ((H0 - 73.04) / 1.04)**2'
    requires:
    - H0
sampler:
  evaluate: null
debug: true
stop_at_error: true
output: chains/bridge_eval_B_scan730v2_best
params:
  H0: 72.990584
  omega_b: 0.023481383
  omega_cdm: 0.10891239
  A_s: 2.1339948e-09
  n_s: 0.99613294
  tau_reio: 0.074882147
  ua10_V0: 18202.549
  ua10_phi_trigger: 140.03909
  ua10_f_ax: 0.055192082
  ua10_Gamma0: 0.6481037
  ua10_n_ax: 2.5
  A_planck: 1.0003499
  calib_100T: 1.0001561
  calib_217T: 0.99864038
  A_cib_217: 46.474585
  xi_sz_cib: 0.8606728
  A_sz: 7.6401826
  ksz_norm: 1.5407118
  gal545_A_100: 9.6775313
  gal545_A_143: 9.2651893
  gal545_A_143_217: 17.843103
  gal545_A_217: 90.344525
  ps_A_100_100: 213.74801
  ps_A_143_143: 36.453016
  ps_A_143_217: 46.823205
  ps_A_217_217: 111.65077
  galf_TE_A_100: 0.090511433
  galf_TE_A_100_143: 0.1278208
  galf_TE_A_100_217: 0.46931613
  galf_TE_A_143: 0.24666809
  galf_TE_A_143_217: 0.64773515
  galf_TE_A_217: 1.9524092
  A_pol: 1.0
  calib_100P: 1.021
  calib_143P: 0.966
  calib_217P: 1.04
  cib_index: -1.3
  galf_TE_index: -2.4
  galf_EE_index: -2.4
  galf_EE_A_100: 0.055
  galf_EE_A_100_143: 0.04
  galf_EE_A_100_217: 0.094
  galf_EE_A_143: 0.086
  galf_EE_A_143_217: 0.21
  galf_EE_A_217: 0.7
  A_cnoise_e2e_100_100_EE: 1.0
  A_cnoise_e2e_143_143_EE: 1.0
  A_cnoise_e2e_217_217_EE: 1.0
  A_sbpx_100_100_EE: 1.0
  A_sbpx_100_143_EE: 1.0
  A_sbpx_100_217_EE: 1.0
  A_sbpx_143_143_EE: 1.0
  A_sbpx_143_217_EE: 1.0
  A_sbpx_217_217_EE: 1.0
  A_sbpx_100_100_TT: 1.0
  A_sbpx_143_143_TT: 1.0
  A_sbpx_143_217_TT: 1.0
  A_sbpx_217_217_TT: 1.0
