theory:
  classy:
    path: .
    extra_args:
      non_linear: halofit
      N_ncdm: 1
      N_ur: 2.0328
      has_unified_a10: 'yes'
likelihood:
  planck_2018_highl_plik.TTTEEE:
    path: null
    clik_file: baseline/plc_3.0/hi_l/plik/plik_rd12_HM_v22b_TTTEEE.clik
    prior:
      SZ: 'lambda ksz_norm, A_sz: stats.norm.logpdf(ksz_norm+1.6*A_sz, loc=9.5, scale=3.0)'
  planck_2018_lowl.TT: null
  planck_2018_lowl.EE: null
  bao.sdss_dr12_consensus_bao: null
  sn.pantheonplus: null
  shoes_H0:
    external: 'lambda _self, H0: -0.5 * ((H0 - 73.04) / 1.04)**2'
    requires:
    - H0
sampler:
  evaluate: null
debug: true
stop_at_error: true
output: chains/bridge_eval_C_runB_fixed137_control
params:
  H0: 68.722727
  omega_b: 0.022459751
  omega_cdm: 0.11811246
  A_s: 2.0665878e-09
  n_s: 0.97160178
  tau_reio: 0.049470322
  ua10_V0: 2356.0147225745504
  ua10_phi_trigger: 137.47
  ua10_f_ax: 0.098863557
  ua10_Gamma0: 0.045910154
  ua10_n_ax: 2.5
  A_planck: 1.0006466
  calib_100T: 0.99966604
  calib_217T: 0.99796256
  A_cib_217: 45.818046
  xi_sz_cib: 0.32276764
  A_sz: 7.3483655
  ksz_norm: 0.82938034
  gal545_A_100: 9.2800822
  gal545_A_143: 12.382779
  gal545_A_143_217: 20.076187
  gal545_A_217: 93.943475
  ps_A_100_100: 254.17874
  ps_A_143_143: 43.643047
  ps_A_143_217: 43.396404
  ps_A_217_217: 122.14993
  galf_TE_A_100: 0.11067552
  galf_TE_A_100_143: 0.14859837
  galf_TE_A_100_217: 0.45523814
  galf_TE_A_143: 0.25337677
  galf_TE_A_143_217: 0.71373446
  galf_TE_A_217: 2.1382797
  A_pol: 1.0
  calib_100P: 1.021
  calib_143P: 0.966
  calib_217P: 1.04
  cib_index: -1.3
  galf_TE_index: -2.4
  galf_EE_index: -2.4
  galf_EE_A_100: 0.055
  galf_EE_A_100_143: 0.04
  galf_EE_A_100_217: 0.094
  galf_EE_A_143: 0.086
  galf_EE_A_143_217: 0.21
  galf_EE_A_217: 0.7
  A_cnoise_e2e_100_100_EE: 1.0
  A_cnoise_e2e_143_143_EE: 1.0
  A_cnoise_e2e_217_217_EE: 1.0
  A_sbpx_100_100_EE: 1.0
  A_sbpx_100_143_EE: 1.0
  A_sbpx_100_217_EE: 1.0
  A_sbpx_143_143_EE: 1.0
  A_sbpx_143_217_EE: 1.0
  A_sbpx_217_217_EE: 1.0
  A_sbpx_100_100_TT: 1.0
  A_sbpx_143_143_TT: 1.0
  A_sbpx_143_217_TT: 1.0
  A_sbpx_217_217_TT: 1.0
