theory:
  classy:
    path: .
    extra_args:
      non_linear: 'halofit'
      N_ncdm: 1
      N_ur: 2.0328
      has_unified_a10: 'yes'

likelihood:
  planck_2018_highl_plik.TTTEEE:
  planck_2018_lowl.TT:
  planck_2018_lowl.EE:
  bao.sdss_dr12_consensus_bao:
  sn.pantheonplus:
  shoes_H0:
    external: 'lambda _self, H0: -0.5 * ((H0 - 73.04) / 1.04)**2'
    requires: [H0]

params:
  H0: 69.42804924999999
  omega_b: 0.0226785415
  omega_cdm: 0.11673408249999999
  A_s: 2.1132667e-09
  n_s: 0.9734504325000001
  tau_reio: 0.06471331075
  ua10_V0: 370994.2354471611
  ua10_phi_trigger: 137.5797575
  ua10_f_ax: 0.0888196225
  ua10_Gamma0: 0.026936592
  ua10_n_ax: 2.5
  A_planck: 0.9974780175
  calib_100T: 1.00035904
  calib_217T: 0.997983455
  A_cib_217: 43.63401175
  xi_sz_cib: 0.4536255925
  A_sz: 3.1197939999999997
  ksz_norm: 4.572208925000001
  gal545_A_100: 8.962183374999999
  gal545_A_143: 9.81596815
  gal545_A_143_217: 16.911918749999998
  gal545_A_217: 94.66369625
  ps_A_100_100: 298.8778575
  ps_A_143_143: 48.7445
  ps_A_143_217: 39.110022
  ps_A_217_217: 116.3846375
  galf_TE_A_100: 0.1259221725
  galf_TE_A_100_143: 0.1468627575
  galf_TE_A_100_217: 0.49892826749999997
  galf_TE_A_143: 0.21718188249999998
  galf_TE_A_143_217: 0.6233833099999999
  galf_TE_A_217: 1.6569902250000001
  A_pol: 1.0
  calib_100P: 1.021
  calib_143P: 0.966
  calib_217P: 1.04
  cib_index: -1.3
  galf_TE_index: -2.4
  galf_EE_index: -2.4
  galf_EE_A_100: 0.055
  galf_EE_A_100_143: 0.04
  galf_EE_A_100_217: 0.094
  galf_EE_A_143: 0.086
  galf_EE_A_143_217: 0.21
  galf_EE_A_217: 0.7
  A_cnoise_e2e_100_100_EE: 1.0
  A_cnoise_e2e_143_143_EE: 1.0
  A_cnoise_e2e_217_217_EE: 1.0
  A_sbpx_100_100_EE: 1.0
  A_sbpx_100_143_EE: 1.0
  A_sbpx_100_217_EE: 1.0
  A_sbpx_143_143_EE: 1.0
  A_sbpx_143_217_EE: 1.0
  A_sbpx_217_217_EE: 1.0
  A_sbpx_100_100_TT: 1.0
  A_sbpx_143_143_TT: 1.0
  A_sbpx_143_217_TT: 1.0
  A_sbpx_217_217_TT: 1.0

sampler:
  evaluate: null

output: chains/bridge_AC_interp_t0p75
debug: False
stop_at_error: True
