# H0 omega_b omega_cdm A_s n_s tau_reio ua10_f_ax ua10_V0 ua10_Gamma0 ua10_phi_trigger A_planck calib_100T calib_217T A_cib_217 xi_sz_cib A_sz ksz_norm gal545_A_100 gal545_A_143 gal545_A_143_217 gal545_A_217 ps_A_100_100 ps_A_143_143 ps_A_143_217 ps_A_217_217 galf_TE_A_100 galf_TE_A_100_143 galf_TE_A_100_217 galf_TE_A_143 galf_TE_A_143_217 galf_TE_A_217
1.855824237947869548e-01 3.310193384632779495e-05 -3.949857531429890414e-04 1.769130496281331595e-13 1.016020120733655569e-03 5.327876115330383534e-04 -2.630362504032605930e-04 -2.861097790648642640e-04 -1.906265441089877654e-05 4.371511606472188588e-02 -4.706562211637265619e-05 -1.257253014796780682e-05 -1.544977661633616425e-06 -1.252774355018782537e-01 2.716831690664393904e-04 6.087325475809789990e-04 1.529856290593046252e-02 -3.244463277639758614e-02 -9.772946243294085636e-03 -4.863169647927006317e-02 -2.920135554619040022e-02 -2.013728728409233948e-01 -3.754942154913563646e-01 -2.573730415354444356e-01 -6.214882066541323885e-02 2.140854073848329610e-04 -2.364825139062596865e-04 3.529075989317610805e-04 -6.100380317412508252e-04 1.689765321777832082e-05 -5.851256190677131194e-03
3.310193384632779495e-05 1.682886138163152492e-08 -4.503235724611223266e-08 6.016204796922988030e-16 1.459135242385991882e-07 1.501080143797791409e-07 -4.562759301761309853e-07 -1.829862397104541404e-07 -7.210362424025902365e-08 3.753570663804436015e-06 7.768588273326647349e-09 -3.165239455425829553e-09 5.400812658133003257e-10 -1.083718291143125349e-04 2.712708842748345963e-06 1.279937060676179529e-05 -1.324733143731283023e-05 -1.538653847261726572e-05 3.616062814714412032e-07 -2.746324166307647517e-06 3.455271615973935074e-05 -3.194506788643463962e-04 -2.058521944668451542e-04 -6.294483490162850381e-05 4.582647226189373325e-05 6.931006704734965272e-08 -1.636144932506457710e-07 5.412935573270543869e-07 -3.140990521021386630e-07 -3.942836810168296112e-07 -4.816756385681322237e-07
-3.949857531429890414e-04 -4.503235724611223266e-08 9.615921478095953907e-07 1.025526285030156377e-15 -2.306361791117309033e-06 -1.067951759762212979e-06 -4.307933024291413236e-07 -5.496747106596906971e-08 -2.685146330114296357e-07 -1.048590122249619622e-04 1.100058550056704911e-07 1.792205875432959367e-08 1.010366000177620145e-08 1.368045407131362936e-04 4.247706020865327408e-06 4.891495673125389212e-05 -8.037167198961898615e-05 4.450903116253763510e-05 5.096704747357077127e-05 1.464832488599134572e-04 1.449248172324295932e-04 -1.586314803001479402e-04 4.282220541409903231e-04 5.374154484537732113e-04 2.162678719137094943e-04 -8.863850516546687793e-07 -2.676997071390178440e-07 8.863597518230828001e-08 7.521346461019900372e-07 2.587587871376716161e-07 1.795186391635186934e-05
1.769130496281331595e-13 6.016204796922988030e-16 1.025526285030156377e-15 9.398277421597696168e-22 7.915305902344457709e-16 1.873677047193101040e-13 -4.874265041505102279e-14 -4.031666071885966737e-14 -3.778320505774715661e-14 -4.193065815277005290e-12 2.948495596712111851e-14 1.513170998133279155e-16 2.155860717044683250e-16 -1.694111565671731840e-11 3.126442969298158367e-13 -2.569265732990697976e-12 -1.388908211593327213e-12 -1.211589072759384978e-12 -4.675711365879349513e-12 -7.864385062278553242e-12 3.843396505416344684e-12 -4.252030357028721330e-11 -6.681327039042603462e-12 3.411478362655935444e-12 2.478021889474078019e-11 -3.969880260206886349e-15 2.412805598641044955e-15 -3.113185208513228411e-15 1.972045556692678900e-14 1.087196768649264689e-13 4.061622889857739158e-13
1.016020120733655569e-03 1.459135242385991882e-07 -2.306361791117309033e-06 7.915305902344457709e-16 1.477742003745929675e-05 3.834998957253572916e-06 -1.397353061080328792e-05 1.763976710887374983e-06 5.255903140221667307e-08 5.331781165468314678e-04 -2.125564689332716393e-07 -8.633059687621222398e-08 2.168894094583435489e-08 -3.896450001499237020e-03 5.667364865423174514e-05 1.024344702932902806e-03 -2.028015920254728956e-03 4.165732144508340956e-04 -3.622223852779209922e-04 -5.214272925909443999e-04 9.846220252290522387e-04 -2.238368153477411984e-02 -7.032557662981114496e-03 1.058793221609740905e-03 3.781198542865203682e-03 6.345719356669646025e-06 -1.791159259368906795e-06 -9.185970450202689873e-06 -7.504817823302223561e-06 -1.818678778927453317e-07 -1.084812242687056033e-05
5.327876115330383534e-04 1.501080143797791409e-07 -1.067951759762212979e-06 1.873677047193101040e-13 3.834998957253572916e-06 4.522159494950724843e-05 -1.047217559257981084e-05 -9.894925975559521809e-06 -9.118925156177113995e-06 -8.563817650938738068e-04 2.941672223953353443e-07 4.007203980722538878e-08 9.203526649162094214e-08 -2.505189673478473190e-03 3.160669845230288206e-06 -6.863364356591422893e-04 2.741140488564974592e-05 -1.152937943460013791e-05 -1.095403647256994097e-03 -2.055635312554027899e-03 -1.006890275246282015e-03 -9.215864065380774406e-03 -2.526283238763329681e-03 -2.217269411216310146e-03 8.736676065336684057e-04 -3.587263868472874835e-07 5.251194139661749816e-07 -4.422179870233744481e-06 5.424542146597953277e-06 1.872760265720108886e-05 5.498660165940566513e-05
-2.630362504032605930e-04 -4.562759301761310911e-07 -4.307933024291413236e-07 -4.874265041505102279e-14 -1.397353061080328454e-05 -1.047217559257981253e-05 3.294102437698401102e-03 5.155190531153047522e-05 -8.812670747651373633e-05 -6.189997601514085103e-03 3.633291252793372921e-07 -1.645709700296748048e-06 3.840109147813817420e-08 5.611362717573987156e-03 6.657004673644907220e-04 1.740673518998035393e-03 5.127576706570415900e-03 -2.146786218025783545e-03 3.919115221708085843e-03 7.394431298385491583e-03 3.708708319701977795e-03 9.176872485816806035e-03 1.796744203479464647e-02 1.964314513748515942e-02 -7.377962749595510725e-03 -3.748818568516595082e-05 -8.654761160602471933e-05 -3.044248964003035650e-04 2.426741328268748800e-05 6.795344843415193137e-05 -5.370806827815870210e-04
-2.861097790648644266e-04 -1.829862397104541404e-07 -5.496747106596903000e-08 -4.031666071885967368e-14 1.763976710887374983e-06 -9.894925975559521809e-06 5.155190531153045489e-05 8.607366206498093990e-04 -1.456873688169684745e-05 1.810956127298828230e-03 1.670912302687303402e-06 3.434919189646310013e-08 -2.166219362615258415e-07 -4.873631512086565656e-03 3.123217989788218581e-04 -3.420131477089442037e-03 -1.482124525130508442e-04 -1.345464987179981198e-03 -2.453242596343236954e-03 -4.549387790151575468e-03 -5.125399056229172461e-03 3.100026061184566958e-02 1.638596127362410351e-02 9.415616966541593205e-03 1.473673000373995796e-02 2.440970802157369163e-05 7.904816165058085904e-07 -2.590248555243783289e-05 -3.131572990328435280e-05 -5.510999509555932185e-05 -2.921562768513833027e-04
-1.906265441089877654e-05 -7.210362424025902365e-08 -2.685146330114296357e-07 -3.778320505774715661e-14 5.255903140221667307e-08 -9.118925156177113995e-06 -8.812670747651373633e-05 -1.456873688169685084e-05 1.758359931274679580e-04 1.810259213445868662e-03 1.555533171106640093e-06 -1.414706344897204422e-07 -2.335856307682228768e-07 1.397010645767376438e-04 -6.301841676486246064e-05 3.622900029628694000e-04 1.068700680535264328e-03 -3.337937234118051573e-04 4.434355091024372894e-04 -1.319265884865733441e-03 -1.476697402779100343e-03 -8.665951260625229594e-03 -6.140599323329408010e-04 9.088531964449745931e-04 1.641926097434728620e-03 -1.507550668533851113e-05 -1.151716468494596622e-05 2.783472157935384304e-05 -3.668231283201775576e-05 -9.405367123107975401e-05 5.421136360801472991e-05
4.371511606472188588e-02 3.753570663804436015e-06 -1.048590122249619622e-04 -4.193065815277005290e-12 5.331781165468314678e-04 -8.563817650938738068e-04 -6.189997601514085103e-03 1.810956127298828230e-03 1.810259213445868662e-03 1.582832715796838263e+00 6.043029049963426517e-05 -7.548145902693142790e-06 1.478794055517561127e-05 -5.360066162586647476e-01 9.898565724106224428e-03 -9.772397575327514130e-02 -1.266910713662386667e-01 5.858796910651855455e-02 -8.243678075487884116e-03 2.457802207640098213e-01 8.199144632014107037e-01 1.815397055794791381e+00 6.540217960816295806e-01 2.498182506533727365e-01 6.007505257503465979e-01 -7.678393493089180318e-04 8.295947989491011176e-04 2.636201907626565394e-03 -1.829867115144898169e-03 8.710311183693969419e-04 2.079032724956232994e-02
-4.706562211637265619e-05 7.768588273326647349e-09 1.100058550056704911e-07 2.948495596712111851e-14 -2.125564689332716393e-07 2.941672223953353443e-07 3.633291252793397802e-07 1.670912302687303402e-06 1.555533171106640093e-06 6.043029049963426517e-05 6.500753709102844393e-06 -6.342207052310622637e-08 -2.780329595222026039e-08 -2.720380153157239494e-04 3.620739024547973072e-05 -8.505742021325656542e-08 4.566956223372489450e-05 -9.825027056050648347e-05 1.606514272860888257e-04 2.482055922606599889e-04 1.493971748616291758e-03 2.483525673659203389e-03 8.105938996468292244e-04 1.579791969575260017e-03 2.507977757221945946e-03 5.197271244028412520e-07 8.545774977886142953e-07 1.101023318794180646e-06 2.801789735249797364e-07 6.074706428015546937e-06 1.919859790616471499e-05
-1.257253014796780682e-05 -3.165239455425829553e-09 1.792205875432959367e-08 1.513170998133279155e-16 -8.633059687621222398e-08 4.007203980722538878e-08 -1.645709700296748048e-06 3.434919189646310013e-08 -1.414706344897204687e-07 -7.548145902693142790e-06 -6.342207052310622637e-08 3.820103321081074544e-07 -8.649345944384727911e-09 -1.355437662765080528e-04 -1.463915142560365607e-06 1.034473109641759729e-04 -6.287244944290366054e-05 1.977482845943871238e-04 -1.627943153662032448e-04 -5.553103183980232730e-05 -6.252414348694147154e-05 3.456270585758081364e-03 -2.515790812602993094e-05 2.795369740642885802e-04 3.193009838096320767e-04 4.473086203444539651e-07 6.534768023017596089e-07 -1.809929967985681859e-06 -9.641406623722341233e-09 1.754904214264092973e-06 -1.553149211705032748e-07
-1.544977661633616425e-06 5.400812658133003257e-10 1.010366000177620145e-08 2.155860717044683250e-16 2.168894094583435489e-08 9.203526649162094214e-08 3.840109147813833302e-08 -2.166219362615258415e-07 -2.335856307682228768e-07 1.478794055517561127e-05 -2.780329595222026039e-08 -8.649345944384727911e-09 3.717894442742996729e-07 6.504569686861035472e-04 -3.959372455774361202e-06 -9.717756625452798956e-05 2.700820886004337866e-05 -7.410765050959194836e-07 -8.887005433687249320e-05 3.156913987761897464e-04 8.576398564816477494e-04 6.094234986279615076e-04 6.454289589407675868e-05 -5.922512657309923507e-04 -1.451802380909595833e-03 4.888710667040063107e-07 9.399085388650269388e-07 -3.607539071712819876e-06 1.198553579331140233e-06 -1.025461807234480758e-06 4.918782093364060239e-06
-1.252774355018782537e-01 -1.083718291143125349e-04 1.368045407131362936e-04 -1.694111565671731840e-11 -3.896450001499237020e-03 -2.505189673478473190e-03 5.611362717573988024e-03 -4.873631512086566524e-03 1.397010645767373185e-04 -5.360066162586647476e-01 -2.720380153157239494e-04 -1.355437662765080528e-04 6.504569686861035472e-04 4.405482573667102741e+01 -4.455635531057348664e-01 -1.271969188497138470e+00 1.479827865656855035e-01 7.135809994019718383e-01 5.951220918779023261e-01 -5.510568412768138913e+00 -3.237375974247966326e+01 3.896029401709078144e+01 2.439142845722770403e+00 -1.481649819401258661e+01 -5.541876482474881271e+01 1.313595859799713238e-02 -2.475185118603091296e-03 -2.085476990958293544e-02 -9.514507612964800617e-03 4.740146542736991403e-03 -5.089177033700708480e-02
2.716831690664396073e-04 2.712708842748346387e-06 4.247706020865327408e-06 3.126442969298158367e-13 5.667364865423175869e-05 3.160669845230273383e-06 6.657004673644907220e-04 3.123217989788218581e-04 -6.301841676486248775e-05 9.898565724106224428e-03 3.620739024547973072e-05 -1.463915142560365607e-06 -3.959372455774361202e-06 -4.455635531057348664e-01 7.988100276075212058e-02 -2.743726103735861371e-02 2.896365970049625746e-02 -1.510029295506482884e-02 1.268360375052499794e-02 1.417089397785650517e-01 2.483912760301515699e-01 -9.015750154300211650e-01 8.962096072711607242e-01 1.703337836610832934e+00 6.955335528828490155e-01 6.884341729749104120e-05 -8.253771801822576729e-05 -3.354376785201436699e-04 -4.896395314697100844e-04 -7.497500735403447489e-05 2.582019948430657862e-03
6.087325475809860463e-04 1.279937060676179529e-05 4.891495673125389212e-05 -2.569265732990697976e-12 1.024344702932902806e-03 -6.863364356591422893e-04 1.740673518998034960e-03 -3.420131477089442037e-03 3.622900029628694000e-04 -9.772397575327516905e-02 -8.505742021327653687e-08 1.034473109641759729e-04 -9.717756625452798956e-05 -1.271969188497138470e+00 -2.743726103735861718e-02 3.689297832670083821e+00 -2.513779876525494394e+00 -3.382059632695945117e-01 1.043831753499009363e-01 2.305005802545919025e+00 3.031411966346266862e+00 -3.071805054897228615e+01 -3.549271748018421047e+00 7.695436774726053031e+00 5.645312984316749549e+00 -1.642964618770150799e-03 -1.559192957383643977e-03 -1.376141388896798875e-03 -1.656514316651595559e-03 -6.247087571235026421e-03 -4.040246479778473315e-02
1.529856290593046252e-02 -1.324733143731283023e-05 -8.037167198961898615e-05 -1.388908211593327213e-12 -2.028015920254728956e-03 2.741140488564971543e-05 5.127576706570415033e-03 -1.482124525130508442e-04 1.068700680535264111e-03 -1.266910713662387222e-01 4.566956223372485384e-05 -6.287244944290366054e-05 2.700820886004338204e-05 1.479827865656855868e-01 2.896365970049625746e-02 -2.513779876525494394e+00 5.350159729677572251e+00 1.359853499656184239e-01 -2.353093634466473794e-01 -1.982282397089383918e+00 -2.219415273561299973e+00 1.163443623242858038e+01 -4.353470913063183012e+00 -1.119362370026343356e+01 -9.027932153975458007e+00 -3.003035971434230619e-03 -8.193228661437749073e-04 -3.338616815498147723e-03 3.328784288805134941e-05 2.750218441418737520e-03 2.027021104969125090e-02
-3.244463277639758614e-02 -1.538653847261726572e-05 4.450903116253763510e-05 -1.211589072759384978e-12 4.165732144508340956e-04 -1.152937943460013791e-05 -2.146786218025783545e-03 -1.345464987179980981e-03 -3.337937234118051573e-04 5.858796910651855455e-02 -9.825027056050648347e-05 1.977482845943871238e-04 -7.410765050959194836e-07 7.135809994019718383e-01 -1.510029295506482884e-02 -3.382059632695945117e-01 1.359853499656184517e-01 3.428807967255032452e+00 7.056352925762250372e-01 -1.740658027941503205e-01 -6.505832153216924985e-01 -3.902543973235856889e+00 -8.854517763629109472e-01 -1.228999927837288952e+00 -1.422996183771180867e+00 1.577139179751269559e-04 5.303227027578099348e-06 -3.268795751442824752e-03 1.427040817671770432e-03 6.081600176362193452e-03 2.156445221654427688e-02
-9.772946243294085636e-03 3.616062814714418384e-07 5.096704747357077127e-05 -4.675711365879349513e-12 -3.622223852779209922e-04 -1.095403647256994097e-03 3.919115221708085843e-03 -2.453242596343236954e-03 4.434355091024372894e-04 -8.243678075487884116e-03 1.606514272860888257e-04 -1.627943153662032448e-04 -8.887005433687249320e-05 5.951220918779023261e-01 1.268360375052499274e-02 1.043831753499009363e-01 -2.353093634466473794e-01 7.056352925762251482e-01 3.169914764150460140e+00 2.612359979948750244e+00 2.514607230550542027e+00 5.824618077216491940e+00 -1.034059310926858766e+00 -3.757976650085623760e-01 -1.159856849977804361e+00 2.726959236856177620e-03 2.490301521245713145e-04 -1.417354433268410742e-03 4.611131716974479003e-04 3.972302566271336717e-03 5.519981981736978363e-03
-4.863169647927006317e-02 -2.746324166307647517e-06 1.464832488599134572e-04 -7.864385062278553242e-12 -5.214272925909443999e-04 -2.055635312554027899e-03 7.394431298385491583e-03 -4.549387790151575468e-03 -1.319265884865733441e-03 2.457802207640098213e-01 2.482055922606599889e-04 -5.553103183980234763e-05 3.156913987761897464e-04 -5.510568412768138913e+00 1.417089397785650517e-01 2.305005802545919025e+00 -1.982282397089383918e+00 -1.740658027941503205e-01 2.612359979948750244e+00 1.004954961200550478e+01 1.784616613353436065e+01 -6.197602814431985685e+00 4.463734795189461479e+00 5.618333542967726579e+00 5.260484241901236757e+00 -2.772403432352441716e-03 2.593577507985411236e-03 9.770001776819908692e-04 2.792834913391363961e-03 1.214525547292267648e-03 -1.849087688907453605e-02
-2.920135554619040022e-02 3.455271615973935074e-05 1.449248172324295932e-04 3.843396505416344684e-12 9.846220252290522387e-04 -1.006890275246282015e-03 3.708708319701977361e-03 -5.125399056229173328e-03 -1.476697402779100343e-03 8.199144632014107037e-01 1.493971748616291758e-03 -6.252414348694147154e-05 8.576398564816477494e-04 -3.237375974247966326e+01 2.483912760301515699e-01 3.031411966346266862e+00 -2.219415273561299973e+00 -6.505832153216924985e-01 2.514607230550542027e+00 1.784616613353436065e+01 5.067528896518972914e+01 -1.790344853831283700e+01 5.152130134828523111e+00 1.023166027498025166e+01 3.246163502722218652e+01 -1.666815643451535767e-02 5.899604452773647700e-03 1.428448575049153391e-03 1.417781048770378957e-02 -7.370359688199201557e-03 1.438763933293991590e-02
-2.013728728409233948e-01 -3.194506788643463962e-04 -1.586314803001479402e-04 -4.252030357028721330e-11 -2.238368153477411984e-02 -9.215864065380774406e-03 9.176872485816800831e-03 3.100026061184566958e-02 -8.665951260625229594e-03 1.815397055794791381e+00 2.483525673659203823e-03 3.456270585758081364e-03 6.094234986279615076e-04 3.896029401709078144e+01 -9.015750154300211650e-01 -3.071805054897228615e+01 1.163443623242858038e+01 -3.902543973235856889e+00 5.824618077216491940e+00 -6.197602814431985685e+00 -1.790344853831283700e+01 7.793278693085717350e+02 8.041373115339338540e+01 -6.065360569997624651e+01 -6.215910073622170273e+01 2.205732186530738950e-02 1.673823334978034524e-02 5.428804725315321267e-02 -1.398560894130897528e-02 1.055672281131060791e-01 3.137133943764447985e-01
-3.754942154913563646e-01 -2.058521944668451542e-04 4.282220541409903231e-04 -6.681327039042603462e-12 -7.032557662981114496e-03 -2.526283238763329681e-03 1.796744203479464300e-02 1.638596127362410351e-02 -6.140599323329398252e-04 6.540217960816295806e-01 8.105938996468292244e-04 -2.515790812602995127e-05 6.454289589407675868e-05 2.439142845722770403e+00 8.962096072711607242e-01 -3.549271748018421047e+00 -4.353470913063183012e+00 -8.854517763629109472e-01 -1.034059310926858766e+00 4.463734795189461479e+00 5.152130134828523111e+00 8.041373115339338540e+01 6.087806486047009713e+01 3.715533974229098391e+01 1.275967279219928763e+01 -3.972116293712691683e-03 2.512222080911148594e-03 3.216526501703341478e-02 5.863405737583374938e-03 2.575106759989412297e-02 1.038850956114468205e-01
-2.573730415354444356e-01 -6.294483490162850381e-05 5.374154484537732113e-04 3.411478362655935444e-12 1.058793221609740905e-03 -2.217269411216309712e-03 1.964314513748515942e-02 9.415616966541601879e-03 9.088531964449727499e-04 2.498182506533727365e-01 1.579791969575260017e-03 2.795369740642885802e-04 -5.922512657309923507e-04 -1.481649819401258661e+01 1.703337836610832934e+00 7.695436774726053031e+00 -1.119362370026343356e+01 -1.228999927837288952e+00 -3.757976650085623760e-01 5.618333542967726579e+00 1.023166027498024988e+01 -6.065360569997624651e+01 3.715533974229098391e+01 8.333986062651021598e+01 5.383902202106057899e+01 -3.573057758459240868e-03 -9.647131383144582663e-04 5.198649834849208493e-03 -3.405816663228119004e-03 -9.647255965054859356e-03 3.529339423183167068e-02
-6.214882066541323885e-02 4.582647226189373325e-05 2.162678719137094943e-04 2.478021889474078019e-11 3.781198542865203682e-03 8.736676065336684057e-04 -7.377962749595519398e-03 1.473673000373996143e-02 1.641926097434729705e-03 6.007505257503465979e-01 2.507977757221945946e-03 3.193009838096320767e-04 -1.451802380909595833e-03 -5.541876482474881271e+01 6.955335528828490155e-01 5.645312984316749549e+00 -9.027932153975458007e+00 -1.422996183771180867e+00 -1.159856849977804361e+00 5.260484241901236757e+00 3.246163502722218652e+01 -6.215910073622170273e+01 1.275967279219928763e+01 5.383902202106057899e+01 1.051899518345608442e+02 -1.113432238389359605e-02 8.270707668330594398e-03 4.782688214589123771e-02 1.766954507575780806e-02 -1.156891523057870623e-02 2.675939023684757376e-02
2.140854073848328797e-04 6.931006704734965272e-08 -8.863850516546689911e-07 -3.969880260206883982e-15 6.345719356669644331e-06 -3.587263868472874835e-07 -3.748818568516595082e-05 2.440970802157369163e-05 -1.507550668533851113e-05 -7.678393493089180318e-04 5.197271244028415696e-07 4.473086203444540180e-07 4.888710667040063107e-07 1.313595859799713238e-02 6.884341729749102765e-05 -1.642964618770150799e-03 -3.003035971434231052e-03 1.577139179751269830e-04 2.726959236856177620e-03 -2.772403432352441716e-03 -1.666815643451535767e-02 2.205732186530739644e-02 -3.972116293712691683e-03 -3.573057758459240868e-03 -1.113432238389359778e-02 1.456234470434942347e-03 2.737139544144984150e-04 9.207434704315652747e-05 -5.040539488378346575e-04 -1.167075886429104356e-04 3.876686109014246370e-04
-2.364825139062596865e-04 -1.636144932506457710e-07 -2.676997071390178440e-07 2.412805598641044955e-15 -1.791159259368907007e-06 5.251194139661749816e-07 -8.654761160602471933e-05 7.904816165058023435e-07 -1.151716468494596791e-05 8.295947989491011176e-04 8.545774977886142953e-07 6.534768023017596089e-07 9.399085388650269388e-07 -2.475185118603091296e-03 -8.253771801822578085e-05 -1.559192957383643326e-03 -8.193228661437755578e-04 5.303227027578099348e-06 2.490301521245713145e-04 2.593577507985411670e-03 5.899604452773647700e-03 1.673823334978034524e-02 2.512222080911148594e-03 -9.647131383144600010e-04 8.270707668330594398e-03 2.737139544144984150e-04 8.685050499717871181e-04 -1.559733244952303608e-05 6.470080260840132278e-04 5.460164564490974299e-05 -3.513291146812759741e-04
3.529075989317610805e-04 5.412935573270543869e-07 8.863597518230828001e-08 -3.113185208513228411e-15 -9.185970450202689873e-06 -4.422179870233741940e-06 -3.044248964003036734e-04 -2.590248555243784305e-05 2.783472157935384982e-05 2.636201907626565394e-03 1.101023318794181705e-06 -1.809929967985681859e-06 -3.607539071712820723e-06 -2.085476990958293544e-02 -3.354376785201435614e-04 -1.376141388896799092e-03 -3.338616815498147723e-03 -3.268795751442824752e-03 -1.417354433268411176e-03 9.770001776819908692e-04 1.428448575049153391e-03 5.428804725315322655e-02 3.216526501703340785e-02 5.198649834849208493e-03 4.782688214589123771e-02 9.207434704315652747e-05 -1.559733244952303608e-05 7.423287307782432121e-03 -5.178099504451073171e-04 7.320390931617852277e-04 4.611640129086370249e-03
-6.100380317412508252e-04 -3.140990521021386630e-07 7.521346461019900372e-07 1.972045556692678900e-14 -7.504817823302223561e-06 5.424542146597953277e-06 2.426741328268748800e-05 -3.131572990328435280e-05 -3.668231283201776253e-05 -1.829867115144898169e-03 2.801789735249797364e-07 -9.641406623722341233e-09 1.198553579331140233e-06 -9.514507612964800617e-03 -4.896395314697100844e-04 -1.656514316651596860e-03 3.328784288805134941e-05 1.427040817671770866e-03 4.611131716974479003e-04 2.792834913391363961e-03 1.417781048770378957e-02 -1.398560894130897528e-02 5.863405737583374938e-03 -3.405816663228122907e-03 1.766954507575780806e-02 -5.040539488378346575e-04 6.470080260840132278e-04 -5.178099504451073171e-04 3.012793699115338692e-03 4.534800114997599406e-04 -9.441576401014526842e-04
1.689765321777832082e-05 -3.942836810168296112e-07 2.587587871376716161e-07 1.087196768649264436e-13 -1.818678778927453317e-07 1.872760265720108886e-05 6.795344843415195848e-05 -5.510999509555930152e-05 -9.405367123107976756e-05 8.710311183693969419e-04 6.074706428015546937e-06 1.754904214264092973e-06 -1.025461807234480758e-06 4.740146542736991403e-03 -7.497500735403427161e-05 -6.247087571235026421e-03 2.750218441418738821e-03 6.081600176362193452e-03 3.972302566271336717e-03 1.214525547292267648e-03 -7.370359688199201557e-03 1.055672281131060514e-01 2.575106759989411950e-02 -9.647255965054859356e-03 -1.156891523057870623e-02 -1.167075886429104356e-04 5.460164564490973621e-05 7.320390931617852277e-04 4.534800114997599406e-04 6.542025227623810349e-03 8.624389180904471625e-03
-5.851256190677131194e-03 -4.816756385681322237e-07 1.795186391635186934e-05 4.061622889857739158e-13 -1.084812242687056033e-05 5.498660165940566513e-05 -5.370806827815870210e-04 -2.921562768513833027e-04 5.421136360801472991e-05 2.079032724956232994e-02 1.919859790616471499e-05 -1.553149211705032748e-07 4.918782093364060239e-06 -5.089177033700708480e-02 2.582019948430657862e-03 -4.040246479778474703e-02 2.027021104969125090e-02 2.156445221654427688e-02 5.519981981736978363e-03 -1.849087688907453605e-02 1.438763933293991590e-02 3.137133943764447985e-01 1.038850956114468205e-01 3.529339423183167068e-02 2.675939023684757376e-02 3.876686109014246370e-04 -3.513291146812759741e-04 4.611640129086370249e-03 -9.441576401014526842e-04 8.624389180904471625e-03 7.459504426182710091e-02
