theory:
  classy:
    path: .
    extra_args:
      non_linear: halofit
      N_ncdm: 1
      N_ur: 2.0328
      has_unified_a10: 'yes'
likelihood:
  planck_2018_highl_plik.TTTEEE: null
  planck_2018_lowl.TT: null
  planck_2018_lowl.EE: null
  bao.sdss_dr12_consensus_bao: null
  sn.pantheonplus: null
  shoes_H0:
    external: 'lambda _self, H0: -0.5 * ((H0 - 73.04) / 1.04)**2'
    requires:
    - H0
params:
  H0: 68.237676
  omega_b: 0.022425688
  omega_cdm: 0.11942085
  A_s: 2.1107665e-09
  n_s: 0.96641436
  tau_reio: 0.062589926
  ua10_V0: 1558950.76695037
  ua10_phi_trigger: 137.47
  ua10_f_ax: 0.07991729
  ua10_Gamma0: 0.019997017
  ua10_n_ax: 2.5
  A_planck: 0.99609509
  calib_100T: 1.0006931
  calib_217T: 0.99782091
  A_cib_217: 44.344822
  xi_sz_cib: 0.33436899
  A_sz: 2.4054807
  ksz_norm: 4.9213706
  gal545_A_100: 8.6177231
  gal545_A_143: 9.3037812
  gal545_A_143_217: 15.507689
  gal545_A_217: 93.131972
  ps_A_100_100: 317.86009
  ps_A_143_143: 50.770581
  ps_A_143_217: 38.9433
  ps_A_217_217: 116.67192
  galf_TE_A_100: 0.13038637
  galf_TE_A_100_143: 0.1501847
  galf_TE_A_100_217: 0.50766735
  galf_TE_A_143: 0.2171821
  galf_TE_A_143_217: 0.62469552
  galf_TE_A_217: 1.5552398
  A_pol: 1.0
  calib_100P: 1.021
  calib_143P: 0.966
  calib_217P: 1.04
  cib_index: -1.3
  galf_TE_index: -2.4
  galf_EE_index: -2.4
  galf_EE_A_100: 0.055
  galf_EE_A_100_143: 0.04
  galf_EE_A_100_217: 0.094
  galf_EE_A_143: 0.086
  galf_EE_A_143_217: 0.21
  galf_EE_A_217: 0.7
  A_cnoise_e2e_100_100_EE: 1.0
  A_cnoise_e2e_143_143_EE: 1.0
  A_cnoise_e2e_217_217_EE: 1.0
  A_sbpx_100_100_EE: 1.0
  A_sbpx_100_143_EE: 1.0
  A_sbpx_100_217_EE: 1.0
  A_sbpx_143_143_EE: 1.0
  A_sbpx_143_217_EE: 1.0
  A_sbpx_217_217_EE: 1.0
  A_sbpx_100_100_TT: 1.0
  A_sbpx_143_143_TT: 1.0
  A_sbpx_143_217_TT: 1.0
  A_sbpx_217_217_TT: 1.0
sampler:
  evaluate: null
output: bridge_AC_interp_t1p0
stop_at_error: true
