theory:
  classy:
    path: .
    extra_args:
      non_linear: halofit
      N_ncdm: 1
      N_ur: 2.0328
      has_unified_a10: 'yes'
likelihood:
  planck_2018_highl_plik.TTTEEE: null
  planck_2018_lowl.TT: null
  planck_2018_lowl.EE: null
  bao.sdss_dr12_consensus_bao: null
  sn.pantheonplus: null
  shoes_H0:
    external: 'lambda _self, H0: -0.5 * ((H0 - 73.04) / 1.04)**2'
    requires:
    - H0
params:
  H0: 71.80879575
  omega_b: 0.0231842485
  omega_cdm: 0.11136054749999999
  A_s: 2.1182671e-09
  n_s: 0.9875225774999999
  tau_reio: 0.06896008025
  ua10_V0: 21010.514365376865
  ua10_phi_trigger: 137.7992725
  ua10_f_ax: 0.1066242875
  ua10_Gamma0: 0.040815742
  ua10_n_ax: 2.5
  A_planck: 1.0002438725
  calib_100T: 0.99969092
  calib_217T: 0.998308545
  A_cib_217: 42.21239125
  xi_sz_cib: 0.6921387975
  A_sz: 4.5484206
  ksz_norm: 3.873885575
  gal545_A_100: 9.651103925000001
  gal545_A_143: 10.84034205
  gal545_A_143_217: 19.72037825
  gal545_A_217: 97.72714475000001
  ps_A_100_100: 260.9133925
  ps_A_143_143: 44.692338
  ps_A_143_217: 39.443466
  ps_A_217_217: 115.8100725
  galf_TE_A_100: 0.1169937775
  galf_TE_A_100_143: 0.14021887249999998
  galf_TE_A_100_217: 0.4814501025
  galf_TE_A_143: 0.2171814475
  galf_TE_A_143_217: 0.6207588900000001
  galf_TE_A_217: 1.8604910749999999
  A_pol: 1.0
  calib_100P: 1.021
  calib_143P: 0.966
  calib_217P: 1.04
  cib_index: -1.3
  galf_TE_index: -2.4
  galf_EE_index: -2.4
  galf_EE_A_100: 0.055
  galf_EE_A_100_143: 0.04
  galf_EE_A_100_217: 0.094
  galf_EE_A_143: 0.086
  galf_EE_A_143_217: 0.21
  galf_EE_A_217: 0.7
  A_cnoise_e2e_100_100_EE: 1.0
  A_cnoise_e2e_143_143_EE: 1.0
  A_cnoise_e2e_217_217_EE: 1.0
  A_sbpx_100_100_EE: 1.0
  A_sbpx_100_143_EE: 1.0
  A_sbpx_100_217_EE: 1.0
  A_sbpx_143_143_EE: 1.0
  A_sbpx_143_217_EE: 1.0
  A_sbpx_217_217_EE: 1.0
  A_sbpx_100_100_TT: 1.0
  A_sbpx_143_143_TT: 1.0
  A_sbpx_143_217_TT: 1.0
  A_sbpx_217_217_TT: 1.0
sampler:
  evaluate: null
output: bridge_AC_interp_t0p25
stop_at_error: true
