theory:
  classy:
    path: .
    extra_args:
      non_linear: halofit
      N_ncdm: 1
      N_ur: 2.0328
      has_unified_a10: 'yes'
likelihood:
  planck_2018_highl_plik.TTTEEE:
    path: null
    clik_file: baseline/plc_3.0/hi_l/plik/plik_rd12_HM_v22b_TTTEEE.clik
    prior:
      SZ: 'lambda ksz_norm, A_sz: stats.norm.logpdf(ksz_norm+1.6*A_sz, loc=9.5, scale=3.0)'
  planck_2018_lowl.TT: null
  planck_2018_lowl.EE: null
  bao.sdss_dr12_consensus_bao: null
  sn.pantheonplus: null
  shoes_H0:
    external: 'lambda _self, H0: -0.5 * ((H0 - 73.04) / 1.04)**2'
    requires:
    - H0
params:
  H0: 72.999169
  omega_b: 0.023437102
  omega_cdm: 0.10867378
  A_s: 2.1207673e-09
  n_s: 0.99455865
  tau_reio: 0.071083465
  ua10_phi_trigger: 137.90903
  ua10_f_ax: 0.11552662
  ua10_Gamma0: 0.047755317
  ua10_n_ax: 2.5
  A_planck: 1.0016268
  calib_100T: 0.99935686
  calib_217T: 0.99847109
  A_cib_217: 41.501581
  xi_sz_cib: 0.8113954
  A_sz: 5.2627339
  ksz_norm: 3.5247239
  gal545_A_100: 9.9955642
  gal545_A_143: 11.352529
  gal545_A_143_217: 21.124608
  gal545_A_217: 99.258869
  ps_A_100_100: 241.93116
  ps_A_143_143: 42.666257
  ps_A_143_217: 39.610188
  ps_A_217_217: 115.52279
  galf_TE_A_100: 0.11252958
  galf_TE_A_100_143: 0.13689693
  galf_TE_A_100_217: 0.47271102
  galf_TE_A_143: 0.21718123
  galf_TE_A_143_217: 0.61944668
  galf_TE_A_217: 1.9622415
  A_pol: 1.0
  calib_100P: 1.021
  calib_143P: 0.966
  calib_217P: 1.04
  cib_index: -1.3
  galf_TE_index: -2.4
  galf_EE_index: -2.4
  galf_EE_A_100: 0.055
  galf_EE_A_100_143: 0.04
  galf_EE_A_100_217: 0.094
  galf_EE_A_143: 0.086
  galf_EE_A_143_217: 0.21
  galf_EE_A_217: 0.7
  A_cnoise_e2e_100_100_EE: 1.0
  A_cnoise_e2e_143_143_EE: 1.0
  A_cnoise_e2e_217_217_EE: 1.0
  A_sbpx_100_100_EE: 1.0
  A_sbpx_100_143_EE: 1.0
  A_sbpx_100_217_EE: 1.0
  A_sbpx_143_143_EE: 1.0
  A_sbpx_143_217_EE: 1.0
  A_sbpx_217_217_EE: 1.0
  A_sbpx_100_100_TT: 1.0
  A_sbpx_143_143_TT: 1.0
  A_sbpx_143_217_TT: 1.0
  A_sbpx_217_217_TT: 1.0
  ua10_V0: 0.0
sampler:
  evaluate: null
output: bridge_A_homotopy_V0_0
stop_at_error: true
