theory:
  classy:
    path: .
    extra_args:
      non_linear: halofit
      N_ncdm: 1
      N_ur: 2.0328
      has_unified_a10: 'yes'
likelihood:
  planck_2018_highl_plik.TTTEEE: null
  planck_2018_lowl.TT: null
  planck_2018_lowl.EE: null
  bao.sdss_dr12_consensus_bao: null
  sn.pantheonplus: null
  shoes_H0:
    external: 'lambda _self, H0: -0.5 * ((H0 - 73.04) / 1.04)**2'
    requires:
    - H0
params:
  H0: 70.6184225
  omega_b: 0.022931395
  omega_cdm: 0.114047315
  A_s: 2.1157669e-09
  n_s: 0.980486505
  tau_reio: 0.0668366955
  ua10_V0: 88288.04966321643
  ua10_phi_trigger: 137.689515
  ua10_f_ax: 0.097721955
  ua10_Gamma0: 0.033876167
  ua10_n_ax: 2.5
  A_planck: 0.9988609449999999
  calib_100T: 1.00002498
  calib_217T: 0.998146
  A_cib_217: 42.923201500000005
  xi_sz_cib: 0.572882195
  A_sz: 3.8341073
  ksz_norm: 4.2230472500000005
  gal545_A_100: 9.30664365
  gal545_A_143: 10.3281551
  gal545_A_143_217: 18.316148499999997
  gal545_A_217: 96.19542050000001
  ps_A_100_100: 279.895625
  ps_A_143_143: 46.718419
  ps_A_143_217: 39.276744
  ps_A_217_217: 116.097355
  galf_TE_A_100: 0.121457975
  galf_TE_A_100_143: 0.143540815
  galf_TE_A_100_217: 0.49018918499999997
  galf_TE_A_143: 0.217181665
  galf_TE_A_143_217: 0.6220711
  galf_TE_A_217: 1.75874065
  A_pol: 1.0
  calib_100P: 1.021
  calib_143P: 0.966
  calib_217P: 1.04
  cib_index: -1.3
  galf_TE_index: -2.4
  galf_EE_index: -2.4
  galf_EE_A_100: 0.055
  galf_EE_A_100_143: 0.04
  galf_EE_A_100_217: 0.094
  galf_EE_A_143: 0.086
  galf_EE_A_143_217: 0.21
  galf_EE_A_217: 0.7
  A_cnoise_e2e_100_100_EE: 1.0
  A_cnoise_e2e_143_143_EE: 1.0
  A_cnoise_e2e_217_217_EE: 1.0
  A_sbpx_100_100_EE: 1.0
  A_sbpx_100_143_EE: 1.0
  A_sbpx_100_217_EE: 1.0
  A_sbpx_143_143_EE: 1.0
  A_sbpx_143_217_EE: 1.0
  A_sbpx_217_217_EE: 1.0
  A_sbpx_100_100_TT: 1.0
  A_sbpx_143_143_TT: 1.0
  A_sbpx_143_217_TT: 1.0
  A_sbpx_217_217_TT: 1.0
sampler:
  evaluate: null
output: bridge_AC_interp_t0p5
stop_at_error: true
