# H0 omega_b omega_cdm A_s n_s tau_reio log10_ua10_V0 A_planck calib_100T calib_217T A_cib_217 xi_sz_cib A_sz ksz_norm gal545_A_100 gal545_A_143 gal545_A_143_217 gal545_A_217 ps_A_100_100 ps_A_143_143 ps_A_143_217 ps_A_217_217 galf_TE_A_100 galf_TE_A_100_143 galf_TE_A_100_217 galf_TE_A_143 galf_TE_A_143_217 galf_TE_A_217
1.903785388729849898e-02 4.290011700340968975e-06 -2.503612491709783269e-06 2.116368239313872248e-14 4.217017775789224542e-05 2.982376914446368500e-06 -1.581632928092718132e-02 -1.258524876810371590e-05 6.326613993681674285e-06 -1.298653720607489905e-06 -3.294579225010432766e-02 1.681770967205310167e-03 8.027074909141112798e-04 1.444505166435556967e-03 -3.637602085230982299e-04 -1.555172967463397567e-02 -7.565040558454802673e-03 9.534697549543625847e-03 -3.150051803446522053e-02 1.277378806172778901e-02 4.149028015173696071e-02 3.373220274609911584e-02 -5.928750664754465442e-05 3.711264082465114903e-05 -8.687736734014910478e-05 -3.018614501465406841e-05 4.312028706594875767e-05 -6.878502837691312355e-05
4.290011700340968975e-06 5.760684708450647386e-09 9.504736803539321340e-11 2.476618599025981181e-17 5.988400350437500611e-09 3.081539551674899656e-09 2.727014345379848693e-06 -1.401884661601508560e-08 4.532087824683551242e-09 -8.671889529776682845e-10 -3.638666665736778485e-05 7.857897170562675812e-07 -3.604274895222910526e-07 -1.057516260101077866e-06 4.133506928938858982e-06 -1.007742446464063821e-05 5.041916939721920351e-07 2.152132126178354956e-05 2.344695680663488714e-05 -1.993681372404673555e-05 -1.683614954749716080e-05 2.884889073288234902e-06 -8.239988335800023119e-08 1.001897302912433445e-08 1.200249739858767871e-07 -9.265745434969157963e-09 -6.167038528527590822e-08 -1.062581902669149696e-07
-2.503612491709783269e-06 9.504736803539321340e-11 9.798647765820183224e-09 -3.129012008893057233e-17 -3.017275079159918834e-08 1.758152868090673522e-09 -1.882496350027414721e-06 -2.360166362240001507e-08 3.182651352109491696e-09 5.507099846320144451e-09 -3.128714510842107997e-06 -1.029848968261310130e-06 -1.102453558568869780e-06 -2.382682990545803459e-06 4.686562064916827379e-06 2.664180901924578718e-06 4.981996814901637343e-06 1.774591885314803880e-05 -2.341821624733348773e-05 -8.308713636527251413e-06 -2.172277306839375419e-05 -1.824972658951667162e-06 -2.987771723771850861e-07 3.171815092658973071e-08 1.165690088697331579e-07 -6.402031228296811510e-09 2.059384230448912375e-07 2.213963533200652852e-07
2.116368239313872248e-14 2.476618599025981181e-17 -3.129012008893057233e-17 3.557331735406960399e-22 -2.229132716637055885e-15 3.676494547223399768e-14 -5.680299640201851688e-14 4.356588760832456479e-14 4.928220512656274845e-17 -1.314280472890638490e-16 -1.498439764507726370e-12 7.910208842479858228e-14 -1.446954238304089663e-12 -4.656652251882394600e-14 -8.247507764188362250e-13 -6.053889581320367429e-13 -1.408887111527866301e-12 6.246784878709945187e-12 5.138398175299044929e-12 -1.776561823139063239e-12 2.450180629959408138e-13 1.381415281709482156e-11 -5.248438714042191100e-16 -3.157685849927674273e-15 -2.862887520341229748e-14 -1.828198523682598774e-14 -5.352661120346624658e-14 2.296161835219299355e-14
4.217017775789224542e-05 5.988400350437500611e-09 -3.017275079159918834e-08 -2.229132716637055885e-15 5.518520557626626194e-06 9.660119665786062116e-08 1.372811867124523931e-05 4.191249683098425137e-08 -5.232692440169330327e-08 -3.229200265849910602e-08 -1.806965803439326574e-03 7.794569090724611470e-05 -1.651251061978126580e-04 4.582901964324316759e-06 1.939528214580799460e-04 -1.967620410881795821e-04 -2.931463769807635968e-04 4.197929661067280327e-04 -2.908708248364944363e-03 -2.483643588353778679e-03 -7.882691086717221992e-04 2.397985908408398464e-04 1.639339806674851794e-06 3.925721424195100759e-07 -5.896171760015848861e-07 9.504123468748748525e-07 9.990153931782516503e-06 3.487862588294936359e-05
2.982376914446368500e-06 3.081539551674899656e-09 1.758152868090673522e-09 3.676494547223399768e-14 9.660119665786062116e-08 8.340572715042484256e-06 -6.117297847661835324e-06 2.242676766636883739e-07 -7.069174514496985776e-08 6.526862067773869386e-08 -1.810714115881580479e-04 3.609373076061998862e-06 -2.166705200368844832e-04 5.196657140383248381e-05 -3.971342363426354914e-06 1.160192174145636626e-04 -1.430635625281334016e-06 2.637549743701667949e-04 1.000569184494951334e-04 -3.159558516410399497e-04 -3.665364030915773579e-04 -1.426925308993662528e-04 -2.132212419143707550e-06 1.220346429679532985e-06 -1.347248089065188556e-06 1.487347218679827705e-08 -2.243797008213788324e-06 -3.165211630696780144e-06
-1.581632928092718132e-02 2.727014345379848693e-06 -1.882496350027414721e-06 -5.680299640201851688e-14 1.372811867124523931e-05 -6.117297847661835324e-06 5.265175305743979850e-02 -1.736074256654675479e-05 -3.346282798046581845e-06 2.101250095012581853e-06 3.311441201813660872e-03 -1.077634212521587842e-03 -6.123913731194944796e-03 1.820866877609997455e-03 7.364037567267851109e-03 1.481999482480937484e-02 2.080647556971583836e-02 3.276969632355151291e-02 2.758947232518093595e-01 3.270347941838765669e-03 -6.284516541118695399e-02 -4.238429312102186958e-02 -9.964075778611330655e-05 7.522861299644430027e-05 -3.005876208583216228e-04 3.671027497072563143e-05 -3.923928369563493119e-04 -9.954370902541776703e-04
-1.258524876810371590e-05 -1.401884661601508560e-08 -2.360166362240001507e-08 4.356588760832456479e-14 4.191249683098425137e-08 2.242676766636883739e-07 -1.736074256654675479e-05 1.004144684298034280e-05 -1.276313977840317192e-07 -1.450935679601092845e-07 6.628383258643483211e-04 -1.633632066768368125e-06 -2.401455383469203994e-05 -2.816266571452259951e-05 -1.012230745164724904e-04 1.243174245661025532e-04 -1.660013405541726562e-04 9.061928375660522131e-04 1.771184291925890662e-03 1.500968711432910832e-04 4.221387142060665371e-04 2.610979487414472316e-03 3.341544457930715055e-06 -2.500170546938001211e-06 -4.775272967522151475e-06 -4.532868149848730209e-06 -9.856792946221589583e-06 9.839891961578634856e-06
6.326613993681674285e-06 4.532087824683551242e-09 3.182651352109491696e-09 4.928220512656274845e-17 -5.232692440169330327e-08 -7.069174514496985776e-08 -3.346282798046581845e-06 -1.276313977840317192e-07 1.082932069901709782e-06 1.544171987945377189e-08 -7.069374630106655451e-04 4.702759353191545848e-06 3.442460909765744561e-04 -1.266060637691375437e-05 6.279976562720969262e-04 -7.097128826748199922e-04 -1.536903659965077867e-04 2.439688860463281380e-04 5.687064878605051048e-03 -6.222777083318374852e-04 5.084303067418529829e-04 8.090629422541777182e-04 -1.413511425444154369e-07 -7.606886227391433912e-07 -8.283945547612322394e-07 6.997587108807739683e-07 -1.289855408385119149e-06 7.496555707843333200e-07
-1.298653720607489905e-06 -8.671889529776682845e-10 5.507099846320144451e-09 -1.314280472890638490e-16 -3.229200265849910602e-08 6.526862067773869386e-08 2.101250095012581853e-06 -1.450935679601092845e-07 1.544171987945377189e-08 1.640613235913413709e-06 3.205927576363250871e-03 -5.404979550374411073e-06 -2.659919190521759782e-04 -3.082574157536927169e-05 -6.508382715253681263e-05 -5.147908392568553053e-04 6.628031011776533898e-04 2.147514905491172167e-03 1.299846352276108142e-03 3.508319801069353515e-04 -9.791545308160561328e-04 -5.209930715138382309e-03 -3.160838611570642990e-07 8.676096730000015913e-07 2.081414386414303696e-06 1.368094841596468215e-06 1.030015483418143989e-06 5.846198059497709657e-06
-3.294579225010432766e-02 -3.638666665736778485e-05 -3.128714510842110115e-06 -1.498439764507726370e-12 -1.806965803439326791e-03 -1.810714115881580479e-04 3.311441201813660872e-03 6.628383258643485380e-04 -7.069374630106655451e-04 3.205927576363250871e-03 3.333399759226674064e+01 -9.447906194266719737e-02 -5.139387330389590947e-01 -1.680429678264260818e-01 4.223082324187860670e-01 9.484196794525998619e-01 1.706810411871122202e-01 -1.355643354103446008e+01 1.127679124463359628e+01 2.554290325132689166e+00 -6.247120996290673745e+00 -4.358353796541438641e+01 -8.295139087293502272e-03 1.469591379667268671e-03 -1.106242840394350366e-03 4.929974627561554534e-04 -4.532592067065834875e-03 -1.259658180786563282e-02
1.681770967205310167e-03 7.857897170562675812e-07 -1.029848968261310130e-06 7.910208842479856965e-14 7.794569090724612825e-05 3.609373076061998862e-06 -1.077634212521587842e-03 -1.633632066768366219e-06 4.702759353191545848e-06 -5.404979550374410226e-06 -9.447906194266718349e-02 2.782613442790772551e-02 -8.339026650136541208e-03 3.831049230753242035e-03 -1.006734471079018083e-02 2.290025178855638853e-03 1.378997187485292431e-02 -3.654280959000247297e-02 -2.318104216868172029e-01 1.909208414254548181e-01 5.577859973106243929e-01 1.375448869912919703e-01 5.563804076555001860e-05 7.657001657758669556e-05 1.074236598460141638e-04 5.192027502283963681e-05 5.158837697654588064e-04 7.042541833399834639e-05
8.027074909141100872e-04 -3.604274895222906821e-07 -1.102453558568869780e-06 -1.446954238304090067e-12 -1.651251061978126580e-04 -2.166705200368844832e-04 -6.123913731194944796e-03 -2.401455383469208398e-05 3.442460909765744561e-04 -2.659919190521759782e-04 -5.139387330389590947e-01 -8.339026650136542942e-03 1.713137746723698562e+00 -6.348579594517159141e-02 -1.262600879762228456e-01 -3.028647013851658576e-01 2.129225360471960760e-01 -2.231359342218717512e-01 -7.786064455029739761e+00 -3.076345952818432039e+00 1.968636130565607045e+00 1.394720498390384700e+00 -1.377143770977558648e-03 1.986062575095973474e-04 -1.257266708316597805e-03 8.324770329625557318e-04 3.073607212935406188e-03 -7.310531609701363502e-03
1.444505166435556967e-03 -1.057516260101077654e-06 -2.382682990545803459e-06 -4.656652251882388289e-14 4.582901964324320995e-06 5.196657140383248381e-05 1.820866877609997889e-03 -2.816266571452261306e-05 -1.266060637691375268e-05 -3.082574157536927169e-05 -1.680429678264260818e-01 3.831049230753242468e-03 -6.348579594517159141e-02 1.914013475704685885e-01 2.990444888955106229e-03 -3.250631769844464572e-03 -3.872657914884421182e-02 -1.593247787826724063e-02 1.502599008529480473e-01 -1.272936039659663676e-01 -2.716663262851234939e-01 -1.062496942058927529e-01 2.927543366967830262e-04 3.992392282865172843e-05 -4.389477904811346988e-06 -5.421604552922970952e-05 1.645000147282284369e-05 -8.354013305334385573e-04
-3.637602085230977420e-04 4.133506928938859829e-06 4.686562064916827379e-06 -8.247507764188363260e-13 1.939528214580799460e-04 -3.971342363426377784e-06 7.364037567267852843e-03 -1.012230745164724769e-04 6.279976562720969262e-04 -6.508382715253681263e-05 4.223082324187861780e-01 -1.006734471079017909e-02 -1.262600879762228456e-01 2.990444888955101892e-03 3.924184131743461812e+00 3.534872092579859904e-01 -4.187831216101878251e-02 -4.543323690281705352e-01 -7.671779669015041936e-01 -1.216920031208467701e-01 -4.270964820236848314e-01 -4.480958363471003181e-01 1.545251200158075317e-03 -2.018624927268480862e-03 3.462410316970778584e-03 5.212421710002420640e-04 -2.405875317291929303e-03 1.318440684121065069e-03
-1.555172967463397567e-02 -1.007742446464063821e-05 2.664180901924577871e-06 -6.053889581320366420e-13 -1.967620410881795821e-04 1.160192174145636626e-04 1.481999482480936964e-02 1.243174245661025803e-04 -7.097128826748199922e-04 -5.147908392568551969e-04 9.484196794525998619e-01 2.290025178855636685e-03 -3.028647013851658576e-01 -3.250631769844457633e-03 3.534872092579859904e-01 3.523614353738621308e+00 1.019206984091098001e+00 -9.495169978738955407e-01 2.496173534621413559e+00 -1.378486216889384552e+00 -7.283452718522376301e-01 -6.519780684377636248e-01 -3.270721775678978385e-03 -1.451455368334903960e-03 5.461823120935659255e-04 4.480703574430459847e-04 -2.838484658983992433e-03 -1.592035275217218437e-02
-7.565040558454805275e-03 5.041916939721920351e-07 4.981996814901637343e-06 -1.408887111527866100e-12 -2.931463769807636510e-04 -1.430635625281380814e-06 2.080647556971584183e-02 -1.660013405541726562e-04 -1.536903659965077867e-04 6.628031011776533898e-04 1.706810411871121924e-01 1.378997187485292431e-02 2.129225360471961037e-01 -3.872657914884422570e-02 -4.187831216101875476e-02 1.019206984091098001e+00 3.396531631156724185e+00 5.811489444972273155e+00 4.169026141140840663e-02 7.034252926158108821e-01 -1.469084033747815266e+00 -2.411407219612368369e+00 -1.239072972607598759e-03 -1.145118668690751733e-03 3.640725801119174074e-03 7.710083034356488962e-04 -1.293797353388628866e-03 1.080259954215337034e-02
9.534697549543625847e-03 2.152132126178354956e-05 1.774591885314803880e-05 6.246784878709945187e-12 4.197929661067280327e-04 2.637549743701667949e-04 3.276969632355151291e-02 9.061928375660522131e-04 2.439688860463281380e-04 2.147514905491172167e-03 -1.355643354103446008e+01 -3.654280959000247297e-02 -2.231359342218716957e-01 -1.593247787826723716e-02 -4.543323690281704796e-01 -9.495169978738955407e-01 5.811489444972273155e+00 2.458146702792203797e+01 2.970015326242475551e-01 1.329378719107552786e+00 -1.389973932159297432e+00 1.004973852757982478e+01 9.364616487342067395e-04 -2.459193690584585319e-03 1.076434097951856246e-02 9.612486055251428813e-04 -5.756686065886805134e-03 5.116351419679027179e-02
-3.150051803446520665e-02 2.344695680663488714e-05 -2.341821624733348773e-05 5.138398175299044121e-12 -2.908708248364944363e-03 1.000569184494951334e-04 2.758947232518093595e-01 1.771184291925891096e-03 5.687064878605051048e-03 1.299846352276108142e-03 1.127679124463359628e+01 -2.318104216868172029e-01 -7.786064455029739761e+00 1.502599008529480473e-01 -7.671779669015041936e-01 2.496173534621413559e+00 4.169026141140840663e-02 2.970015326242475551e-01 3.671781842668645481e+02 2.336042022411220387e+01 -1.067286595705398611e+01 -1.613998149163144902e+01 -1.051992949738962159e-02 -6.184564416603409789e-03 -1.402044628959280177e-02 -6.473928830501524644e-03 -2.012134657267699786e-02 3.164735238224964525e-02
1.277378806172778727e-02 -1.993681372404673216e-05 -8.308713636527251413e-06 -1.776561823139063239e-12 -2.483643588353778679e-03 -3.159558516410399497e-04 3.270347941838765669e-03 1.500968711432911916e-04 -6.222777083318374852e-04 3.508319801069353515e-04 2.554290325132689610e+00 1.909208414254548181e-01 -3.076345952818432039e+00 -1.272936039659663676e-01 -1.216920031208467839e-01 -1.378486216889384552e+00 7.034252926158107710e-01 1.329378719107552786e+00 2.336042022411220387e+01 2.721070187381013739e+01 7.622481819490861454e+00 -1.364021204761660888e+00 6.096503339258869773e-03 2.393287380532394676e-03 5.717259702049361930e-03 -4.501627799372263060e-03 -1.556159245974076191e-02 -2.504530674533524820e-02
4.149028015173696071e-02 -1.683614954749716080e-05 -2.172277306839375419e-05 2.450180629959406118e-13 -7.882691086717221992e-04 -3.665364030915771953e-04 -6.284516541118695399e-02 4.221387142060664829e-04 5.084303067418529829e-04 -9.791545308160561328e-04 -6.247120996290673745e+00 5.577859973106243929e-01 1.968636130565607045e+00 -2.716663262851235494e-01 -4.270964820236848314e-01 -7.283452718522375191e-01 -1.469084033747815488e+00 -1.389973932159297432e+00 -1.067286595705398611e+01 7.622481819490861454e+00 2.573046182971740947e+01 1.715360976193452203e+01 2.168088444426493309e-03 3.499567313788187577e-03 -9.568397376946022326e-03 9.944267485652740803e-04 3.737755666540816622e-03 -5.325322838807768078e-02
3.373220274609910890e-02 2.884889073288234902e-06 -1.824972658951667162e-06 1.381415281709482156e-11 2.397985908408398464e-04 -1.426925308993662528e-04 -4.238429312102185570e-02 2.610979487414472749e-03 8.090629422541777182e-04 -5.209930715138382309e-03 -4.358353796541438641e+01 1.375448869912920258e-01 1.394720498390384700e+00 -1.062496942058927807e-01 -4.480958363471003181e-01 -6.519780684377636248e-01 -2.411407219612368369e+00 1.004973852757982478e+01 -1.613998149163144902e+01 -1.364021204761661110e+00 1.715360976193452203e+01 7.310320856288174696e+01 1.739376629723717385e-02 5.541327184927468926e-04 -1.004108723309811088e-02 -2.249333871829904772e-03 3.081334888350962479e-03 -2.706454117525648045e-02
-5.928750664754464086e-05 -8.239988335800023119e-08 -2.987771723771850861e-07 -5.248438714042199975e-16 1.639339806674852217e-06 -2.132212419143706703e-06 -9.964075778611336076e-05 3.341544457930715902e-06 -1.413511425444156751e-07 -3.160838611570645107e-07 -8.295139087293504007e-03 5.563804076555009992e-05 -1.377143770977559082e-03 2.927543366967830262e-04 1.545251200158075100e-03 -3.270721775678977952e-03 -1.239072972607598759e-03 9.364616487342061974e-04 -1.051992949738962506e-02 6.096503339258873243e-03 2.168088444426493309e-03 1.739376629723717732e-02 1.791035676554912420e-03 3.282871558321468516e-04 -2.782802757141202008e-05 -1.157242112874207651e-04 -1.948716753643597044e-07 2.657427075672288931e-05
3.711264082465113548e-05 1.001897302912431625e-08 3.171815092658973733e-08 -3.157685849927674273e-15 3.925721424195100759e-07 1.220346429679533196e-06 7.522861299644430027e-05 -2.500170546938001211e-06 -7.606886227391436030e-07 8.676096730000016971e-07 1.469591379667268887e-03 7.657001657758666846e-05 1.986062575095975100e-04 3.992392282865174198e-05 -2.018624927268480862e-03 -1.451455368334903960e-03 -1.145118668690751733e-03 -2.459193690584587054e-03 -6.184564416603413259e-03 2.393287380532394676e-03 3.499567313788187577e-03 5.541327184927476515e-04 3.282871558321468516e-04 5.604268614525056199e-04 -1.246952661873558162e-05 1.088502626311339388e-04 3.570640868376163030e-05 -2.690186951244287667e-04
-8.687736734014913189e-05 1.200249739858767871e-07 1.165690088697331579e-07 -2.862887520341228486e-14 -5.896171760015859449e-07 -1.347248089065188979e-06 -3.005876208583216228e-04 -4.775272967522151475e-06 -8.283945547612322394e-07 2.081414386414303273e-06 -1.106242840394355354e-03 1.074236598460141909e-04 -1.257266708316597805e-03 -4.389477904811284308e-06 3.462410316970779018e-03 5.461823120935657087e-04 3.640725801119174508e-03 1.076434097951855899e-02 -1.402044628959280177e-02 5.717259702049359328e-03 -9.568397376946018856e-03 -1.004108723309811088e-02 -2.782802757141202008e-05 -1.246952661873558162e-05 3.843789853433104801e-03 -7.172181488559093050e-05 5.428211882270207744e-05 1.248539693515326012e-03
-3.018614501465404808e-05 -9.265745434969164581e-09 -6.402031228296798275e-09 -1.828198523682598774e-14 9.504123468748748525e-07 1.487347218679821583e-08 3.671027497072565853e-05 -4.532868149848730209e-06 6.997587108807739683e-07 1.368094841596468215e-06 4.929974627561546944e-04 5.192027502283965036e-05 8.324770329625556234e-04 -5.421604552922966208e-05 5.212421710002421724e-04 4.480703574430459305e-04 7.710083034356491130e-04 9.612486055251432066e-04 -6.473928830501524644e-03 -4.501627799372263927e-03 9.944267485652755981e-04 -2.249333871829903471e-03 -1.157242112874207651e-04 1.088502626311339252e-04 -7.172181488559093050e-05 5.244497396901201015e-04 7.513593772583681814e-05 -2.239805058068516778e-04
4.312028706594875767e-05 -6.167038528527588175e-08 2.059384230448912639e-07 -5.352661120346624658e-14 9.990153931782516503e-06 -2.243797008213791289e-06 -3.923928369563492034e-04 -9.856792946221591277e-06 -1.289855408385119573e-06 1.030015483418143777e-06 -4.532592067065834875e-03 5.158837697654585896e-04 3.073607212935404887e-03 1.645000147282328076e-05 -2.405875317291929303e-03 -2.838484658983990699e-03 -1.293797353388627999e-03 -5.756686065886808604e-03 -2.012134657267699092e-02 -1.556159245974076191e-02 3.737755666540815321e-03 3.081334888350964214e-03 -1.948716753643597044e-07 3.570640868376158964e-05 5.428211882270203678e-05 7.513593772583681814e-05 6.758681391048782655e-03 5.411535077518443357e-03
-6.878502837691319132e-05 -1.062581902669149696e-07 2.213963533200653646e-07 2.296161835219299355e-14 3.487862588294936359e-05 -3.165211630696780144e-06 -9.954370902541776703e-04 9.839891961578634856e-06 7.496555707843333200e-07 5.846198059497710504e-06 -1.259658180786563282e-02 7.042541833399841415e-05 -7.310531609701364369e-03 -8.354013305334384489e-04 1.318440684121063985e-03 -1.592035275217217744e-02 1.080259954215337208e-02 5.116351419679026485e-02 3.164735238224964525e-02 -2.504530674533524820e-02 -5.325322838807768078e-02 -2.706454117525648045e-02 2.657427075672285543e-05 -2.690186951244288209e-04 1.248539693515326012e-03 -2.239805058068516778e-04 5.411535077518443357e-03 4.297070144686109677e-02
