# H0 omega_b omega_cdm A_s n_s tau_reio log10_ua10_V0 A_planck calib_100T calib_217T A_cib_217 xi_sz_cib A_sz ksz_norm gal545_A_100 gal545_A_143 gal545_A_143_217 gal545_A_217 ps_A_100_100 ps_A_143_143 ps_A_143_217 ps_A_217_217 galf_TE_A_100 galf_TE_A_100_143 galf_TE_A_100_217 galf_TE_A_143 galf_TE_A_143_217 galf_TE_A_217
2.001360909431108143e-02 3.379832871474258977e-06 -2.185580267838261474e-06 1.708452843641866765e-13 1.212505049174182663e-05 2.525883997110582463e-05 -1.914020010467468169e-02 5.157980155669610575e-06 -8.498265453411226614e-07 1.464086884484905824e-07 -5.990251342398284461e-04 -2.894470277459337739e-04 2.445354309791951050e-03 -6.935333824388326390e-04 1.837505041235852968e-03 4.060626404378248240e-03 6.846874728294548990e-03 8.100636339395003022e-03 -2.505277784658891185e-02 -1.348849671852972616e-02 -1.413189363845965968e-02 4.686279197221933888e-03 -4.820026727976259854e-05 1.423827875576652143e-05 -1.419939893060059930e-04 -1.215047867075878724e-05 -6.327901639880879111e-04 -1.736056481305958341e-03
3.379832871474258977e-06 6.059149742723564740e-09 -3.866848971432920636e-10 1.059476851581806740e-16 -5.177332082155515330e-09 6.500483387419320441e-09 3.373209469862905174e-06 1.863297185771830379e-09 2.662120118140297415e-09 1.876731975230183595e-11 -2.236503972755129644e-05 5.513612004447666184e-07 -1.043583400399286861e-06 -4.668546275969034999e-08 -9.426826156674035480e-07 -2.608096304199871189e-06 -1.355247525279743733e-06 8.089854174971246342e-06 -3.146177748759720758e-05 -3.942709899228292466e-05 -2.737101146873279262e-05 -3.152662547411529359e-06 -1.963685306250555578e-09 -6.497035063868330784e-08 2.720562116899455145e-08 -2.552567033605528968e-08 -1.610712398130176330e-07 -6.809687659979563340e-07
-2.185580267838261474e-06 -3.866848971432920636e-10 8.211907853493318314e-09 7.796441595934112523e-17 -1.167862415309145356e-08 2.378385519951969957e-10 -9.901576375231639952e-07 5.316533352505939401e-09 1.232340953284379558e-09 -2.252665763445772857e-10 -7.109405509923750879e-06 -6.489983759773865362e-07 -1.778610100676733593e-06 4.821837180163331588e-07 -2.746074332642973303e-06 -6.016957609591824478e-06 -4.565122412672374872e-06 4.249790009465404820e-06 -8.674385129023885548e-06 9.797146145104770957e-06 -1.126229023503655200e-05 3.620302349615229077e-06 -1.170062444021038884e-08 -5.805019143317333580e-08 -1.653712596769844578e-07 3.743260109604954949e-08 3.128350133041220736e-08 1.116874727316571910e-07
1.708452843641866765e-13 1.059476851581806740e-16 7.796441595934112523e-17 3.479800726073713694e-22 6.073026011888092455e-17 3.600502013329315492e-14 -9.057428554835256735e-14 4.233686724894602513e-14 8.526317469950179818e-16 2.971618620505519136e-16 -1.849137379985777862e-12 8.501560108228523873e-14 -3.045552336843747112e-13 -7.607072605201833985e-14 -7.239369966438653463e-13 -1.865339550264070897e-12 -5.495554970639645828e-13 7.705337837698793883e-12 -7.727012438662831767e-12 -3.467813388205001310e-12 9.980684642414994098e-14 1.441130821729671747e-11 -4.528114131336395038e-16 1.200404039008518518e-14 -3.097838973951129172e-14 1.570240732170414858e-14 -3.606420093761407205e-14 -1.376384180074536045e-14
1.212505049174182663e-05 -5.177332082155515330e-09 -1.167862415309145356e-08 6.073026011888092455e-17 5.277218134146337630e-06 4.836366053793995315e-07 1.183627721475742258e-06 1.954416791228526902e-07 -2.199141491125823825e-07 -7.334659678414162958e-08 -1.981324063448045448e-03 5.242592631646472967e-05 -2.044315794444290517e-04 -4.926493982520121167e-05 5.860757452162468134e-05 -7.452521574608719638e-05 -3.633996232857767588e-04 5.170935040769438591e-04 -6.463530903586916544e-03 -3.054740563226651315e-03 -1.094036073907618360e-03 7.798800065404209222e-04 2.338815308223144478e-06 4.090361017376154611e-07 2.061029464743128674e-06 6.687975261785473774e-08 -3.875349508376555695e-06 -1.084691319051430068e-06
2.525883997110582463e-05 6.500483387419320441e-09 2.378385519951969957e-10 3.600502013329315492e-14 4.836366053793995315e-07 8.718396195032404196e-06 -2.453644264380182091e-05 -2.446215284508045004e-07 -5.997585595177398155e-08 7.154838860999225045e-08 -3.273454408911488298e-04 1.355379755149485851e-05 2.200123211462200908e-05 -1.068743735980359376e-05 -2.409578083916026311e-04 -1.243043447049707655e-05 5.520022976732310129e-05 3.496395798684824455e-04 -2.909606715098822082e-03 -3.639760653680056178e-04 2.164956068771088757e-04 2.500902706091784160e-04 -2.985455383065933555e-06 1.462173486699313487e-06 -6.091613698487617146e-06 1.425265600745790994e-06 -3.443723384760732012e-06 -1.192398066607804271e-05
-1.914020010467468169e-02 3.373209469862905174e-06 -9.901576375231639952e-07 -9.057428554835256735e-14 1.183627721475742258e-06 -2.453644264380182091e-05 4.736159582439215809e-02 -1.027912318759891489e-05 -1.878010390118568577e-06 3.080415381862454848e-06 7.084486890608971202e-03 4.025344199575860594e-05 -6.408757684756773588e-04 3.227624768181101746e-03 -8.686662116878579240e-03 4.381957808659871613e-04 -3.456483804090425965e-03 1.864773484019150622e-03 -7.917752207170029866e-02 -1.438075428470114020e-02 -7.175453873451784897e-03 -2.817230301550319171e-02 -3.746189284801296372e-05 -1.129644578670183048e-04 7.292397697617821362e-05 -9.104817439541022198e-05 6.255336613660460784e-04 1.370218931016872624e-03
5.157980155669610575e-06 1.863297185771830379e-09 5.316533352505939401e-09 4.233686724894602513e-14 1.954416791228526902e-07 -2.446215284508045004e-07 -1.027912318759891489e-05 1.012466205585671784e-05 2.890862590530377871e-08 -3.644127871723797053e-08 8.745964773563046036e-04 -1.053758348926462522e-05 4.812516522746365292e-05 1.525068000479582074e-05 1.230052484542096313e-04 -3.970482923399402302e-05 -2.237239389763120946e-05 1.140573415934079040e-03 1.446072914038223217e-03 -2.316301257730229133e-04 -6.256514940754562921e-05 2.147429754605053535e-03 4.196915030101432295e-06 1.867316194650224609e-06 4.884396021039376498e-07 1.498099961827321291e-06 -5.185295961230476179e-06 6.406947667943075288e-06
-8.498265453411226614e-07 2.662120118140297415e-09 1.232340953284379558e-09 8.526317469950179818e-16 -2.199141491125823825e-07 -5.997585595177398155e-08 -1.878010390118568577e-06 2.890862590530377871e-08 1.128324183980955647e-06 5.111642739058882191e-08 -6.915550826380911960e-04 5.019538341220924011e-06 2.900793361893312552e-04 1.447156139901281086e-06 6.196767832243847566e-04 -7.151480521063526300e-04 -7.195493561495813078e-05 4.142039268525812075e-04 6.415375723117560693e-03 -4.600247796718779617e-04 2.566775368055356464e-04 7.405289910795956245e-04 1.556306182748445947e-06 2.874206223480082859e-08 -5.052097466128946580e-08 5.191690632386221500e-07 9.109378141485717901e-07 7.673133172471064575e-06
1.464086884484905824e-07 1.876731975230183595e-11 -2.252665763445772857e-10 2.971618620505519136e-16 -7.334659678414162958e-08 7.154838860999225045e-08 3.080415381862454848e-06 -3.644127871723797053e-08 5.111642739058882191e-08 1.578025442763812317e-06 3.011971750249300191e-03 -7.306057179799233410e-07 -2.191025747724542855e-04 2.831438479688807129e-07 -5.175697763692296513e-05 -6.257659883039610451e-04 5.344805658617196153e-04 2.023867990208180149e-03 1.298508283873100891e-03 2.726070330643186584e-04 -6.976379507199553191e-04 -4.735990697036174257e-03 1.283104220459756888e-06 1.654445973602489928e-07 -3.322662886456730768e-07 7.522857412689231445e-07 -1.607393225522980953e-06 -6.493040737992952365e-06
-5.990251342398289882e-04 -2.236503972755129983e-05 -7.109405509923748338e-06 -1.849137379985777862e-12 -1.981324063448045448e-03 -3.273454408911488298e-04 7.084486890608969467e-03 8.745964773563046036e-04 -6.915550826380911960e-04 3.011971750249300191e-03 3.385923320779191670e+01 -9.466437047858348997e-02 -2.245288345612090897e-01 -1.043390890775066221e-01 6.282947048625987796e-02 6.349174048694264938e-01 -4.015022964614261003e-01 -1.477249761647728121e+01 1.270712014116551103e+01 2.080317676281318473e+00 -5.636147295275514502e+00 -4.392044693908135145e+01 3.824793565378418938e-03 9.001520172003106036e-04 4.652542798798293966e-03 -5.054780858070011132e-04 -2.087468648530611467e-02 -3.782835497448975431e-02
-2.894470277459336113e-04 5.513612004447666184e-07 -6.489983759773864303e-07 8.501560108228522611e-14 5.242592631646473644e-05 1.355379755149486190e-05 4.025344199575860594e-05 -1.053758348926463030e-05 5.019538341220923164e-06 -7.306057179799238704e-07 -9.466437047858347609e-02 2.822443028355529557e-02 -1.997104601994200909e-02 4.305079497390586034e-03 -8.443449538163711951e-03 -2.533623671036808623e-03 1.630451970945521328e-02 -2.610359520405434661e-02 -2.146700101507635627e-01 2.344657382265379342e-01 5.481552481641731589e-01 1.363014317838246170e-01 8.498853523173457742e-05 1.128984152027550567e-05 -1.104406591815423921e-04 3.250882708750420572e-05 3.034965064825778788e-04 -3.396500193715040641e-04
2.445354309791951050e-03 -1.043583400399287708e-06 -1.778610100676733382e-06 -3.045552336843746102e-13 -2.044315794444290517e-04 2.200123211462202941e-05 -6.408757684756773588e-04 4.812516522746365292e-05 2.900793361893312552e-04 -2.191025747724542855e-04 -2.245288345612090342e-01 -1.997104601994200909e-02 1.646999588019124605e+00 -5.926726454665285498e-02 -1.759150607371185171e-01 -2.236559009984673274e-01 3.563086135053162296e-01 -9.056318154403728005e-02 -6.859066772661534195e+00 -2.747568762751332105e+00 1.605667775831436828e+00 9.198118348723519633e-01 -8.338071640492281621e-05 5.263174463344678618e-05 9.743868381292582074e-04 -6.185984845783951396e-05 6.079706535980529533e-04 -4.165517913728012181e-03
-6.935333824388324221e-04 -4.668546275969038970e-08 4.821837180163329470e-07 -7.607072605201822625e-14 -4.926493982520119811e-05 -1.068743735980359884e-05 3.227624768181102614e-03 1.525068000479582582e-05 1.447156139901279604e-06 2.831438479688814012e-07 -1.043390890775066498e-01 4.305079497390586901e-03 -5.926726454665285498e-02 1.838453559481348365e-01 4.418461351944330713e-03 2.417808572940520571e-03 -1.263959162376129645e-02 3.963205196896198157e-02 2.568933711036832657e-01 -5.789809284723344135e-02 -2.220393021307259240e-01 -1.194129931483525336e-01 -1.035677537545561596e-04 -6.829237781665474147e-05 -3.220476704128235105e-04 5.274656917921707682e-05 -1.940914842451355764e-04 4.833495479699250960e-03
1.837505041235852968e-03 -9.426826156674033363e-07 -2.746074332642972456e-06 -7.239369966438653463e-13 5.860757452162472877e-05 -2.409578083916025769e-04 -8.686662116878579240e-03 1.230052484542096313e-04 6.196767832243847566e-04 -5.175697763692296513e-05 6.282947048625987796e-02 -8.443449538163711951e-03 -1.759150607371185449e-01 4.418461351944333315e-03 3.874509066929920920e+00 4.984890094971219376e-01 1.625703892844847231e-01 1.671186309474597675e-01 -4.527305226415551664e-01 -1.554959052710935818e-01 -5.767947554729797588e-01 -1.191756696530712339e-01 2.754274180734740240e-03 3.465371851431511959e-04 2.074308742549556966e-03 -5.489848193388501040e-04 3.989317550261408524e-03 1.909980106938459141e-02
4.060626404378248240e-03 -2.608096304199870766e-06 -6.016957609591824478e-06 -1.865339550264071301e-12 -7.452521574608719638e-05 -1.243043447049707655e-05 4.381957808659891671e-04 -3.970482923399401624e-05 -7.151480521063526300e-04 -6.257659883039610451e-04 6.349174048694264938e-01 -2.533623671036807322e-03 -2.236559009984672719e-01 2.417808572940527510e-03 4.984890094971218266e-01 3.473662847030200229e+00 9.172232410554576054e-01 -1.052399396298312917e+00 1.579063369395393046e+00 -1.464252933254725386e+00 -4.599328264709514613e-01 -2.034220464108154047e-01 -1.585193062329488074e-03 1.816610631607101767e-04 -1.252679838830648854e-03 -5.232563231043198216e-04 5.046221989865260112e-03 8.774975459625134573e-04
6.846874728294548990e-03 -1.355247525279743733e-06 -4.565122412672374872e-06 -5.495554970639644819e-13 -3.633996232857767046e-04 5.520022976732310129e-05 -3.456483804090425965e-03 -2.237239389763120946e-05 -7.195493561495810368e-05 5.344805658617196153e-04 -4.015022964614261003e-01 1.630451970945521328e-02 3.563086135053162296e-01 -1.263959162376129645e-02 1.625703892844847231e-01 9.172232410554576054e-01 3.382272499270689181e+00 6.013107942314625198e+00 -8.508426422043378068e-01 4.041043902354576334e-01 -1.014279803997293783e+00 -1.581687703307488979e+00 3.943654381070641726e-04 -1.993482414805795269e-04 -4.664833244900385735e-03 -1.688405330864607061e-04 1.344797280835293828e-03 3.554719226468447749e-03
8.100636339395003022e-03 8.089854174971246342e-06 4.249790009465404820e-06 7.705337837698793883e-12 5.170935040769438591e-04 3.496395798684824455e-04 1.864773484019150622e-03 1.140573415934079040e-03 4.142039268525812075e-04 2.023867990208180149e-03 -1.477249761647728121e+01 -2.610359520405434661e-02 -9.056318154403729392e-02 3.963205196896198157e-02 1.671186309474598786e-01 -1.052399396298312917e+00 6.013107942314625198e+00 2.529453766571336004e+01 -1.540486974846969837e+00 7.088676517774078478e-01 -8.311939139126811593e-01 1.210394462431414553e+01 3.357765508617385590e-03 -9.424364937882440726e-04 -7.778290636496070463e-03 9.509596514100347731e-04 1.626622966886769528e-03 2.053461982813961639e-02
-2.505277784658891879e-02 -3.146177748759720758e-05 -8.674385129023888936e-06 -7.727012438662831767e-12 -6.463530903586916544e-03 -2.909606715098822082e-03 -7.917752207170029866e-02 1.446072914038223217e-03 6.415375723117560693e-03 1.298508283873100891e-03 1.270712014116551103e+01 -2.146700101507635905e-01 -6.859066772661534195e+00 2.568933711036832102e-01 -4.527305226415554995e-01 1.579063369395393046e+00 -8.508426422043376958e-01 -1.540486974846969614e+00 3.727287736272525649e+02 2.299864272567989687e+01 -8.780392009877772352e+00 -1.662757061931018043e+01 2.245613016760289113e-02 1.039012532481989890e-03 -2.655075802110536815e-02 -1.644539475895640370e-03 -3.523755741465655483e-02 6.979825479926929366e-02
-1.348849671852971575e-02 -3.942709899228292466e-05 9.797146145104770957e-06 -3.467813388205001310e-12 -3.054740563226651315e-03 -3.639760653680056178e-04 -1.438075428470114020e-02 -2.316301257730229133e-04 -4.600247796718779617e-04 2.726070330643187126e-04 2.080317676281318473e+00 2.344657382265379342e-01 -2.747568762751332994e+00 -5.789809284723342747e-02 -1.554959052710935541e-01 -1.464252933254725386e+00 4.041043902354577444e-01 7.088676517774081809e-01 2.299864272567989687e+01 2.773906982459211079e+01 9.315637400266451706e+00 -3.975587797365586762e-01 -3.043425811979923179e-03 -1.466852149427831046e-04 -2.425766001238814813e-03 -2.470058128104005071e-03 1.020675738453761215e-03 -1.576754476805027408e-02
-1.413189363845965794e-02 -2.737101146873279262e-05 -1.126229023503655200e-05 9.980684642414930989e-14 -1.094036073907618360e-03 2.164956068771089299e-04 -7.175453873451787500e-03 -6.256514940754562921e-05 2.566775368055356464e-04 -6.976379507199553191e-04 -5.636147295275514502e+00 5.481552481641731589e-01 1.605667775831436828e+00 -2.220393021307259240e-01 -5.767947554729797588e-01 -4.599328264709514613e-01 -1.014279803997293783e+00 -8.311939139126810483e-01 -8.780392009877772352e+00 9.315637400266451706e+00 2.462204369736860343e+01 1.590360141817185458e+01 -1.475242706012103687e-03 -1.042447785424834277e-03 -1.191497675773090176e-03 6.207418583209211313e-04 1.308349522827098252e-02 -1.663255149600819174e-02
4.686279197221933888e-03 -3.152662547411533171e-06 3.620302349615230347e-06 1.441130821729671747e-11 7.798800065404209222e-04 2.500902706091784160e-04 -2.817230301550319171e-02 2.147429754605053535e-03 7.405289910795956245e-04 -4.735990697036174257e-03 -4.392044693908135145e+01 1.363014317838246170e-01 9.198118348723519633e-01 -1.194129931483525475e-01 -1.191756696530712339e-01 -2.034220464108152937e-01 -1.581687703307488979e+00 1.210394462431414553e+01 -1.662757061931018043e+01 -3.975587797365583986e-01 1.590360141817185458e+01 7.213627266077773470e+01 -7.138787399581621868e-03 6.441647932817383881e-04 -9.633957698810792503e-03 3.583585527004625186e-04 3.252828591450965257e-02 4.108166432251923739e-02
-4.820026727976261887e-05 -1.963685306250555578e-09 -1.170062444021038884e-08 -4.528114131336400955e-16 2.338815308223144478e-06 -2.985455383065935249e-06 -3.746189284801300438e-05 4.196915030101432295e-06 1.556306182748445947e-06 1.283104220459756888e-06 3.824793565378421106e-03 8.498853523173460452e-05 -8.338071640492258582e-05 -1.035677537545563222e-04 2.754274180734739806e-03 -1.585193062329487857e-03 3.943654381070647147e-04 3.357765508617384723e-03 2.245613016760289807e-02 -3.043425811979924046e-03 -1.475242706012104337e-03 -7.138787399581626204e-03 1.769068735782564376e-03 3.489344499252577665e-04 -1.916814600305349058e-06 -1.168691826084431053e-04 3.368029758490910329e-05 1.653095533156469753e-04
1.423827875576648924e-05 -6.497035063868330784e-08 -5.805019143317333580e-08 1.200404039008518045e-14 4.090361017376148258e-07 1.462173486699313064e-06 -1.129644578670183048e-04 1.867316194650224186e-06 2.874206223480068632e-08 1.654445973602489928e-07 9.001520172003106036e-04 1.128984152027548364e-05 5.263174463344695559e-05 -6.829237781665466016e-05 3.465371851431513586e-04 1.816610631607101767e-04 -1.993482414805793101e-04 -9.424364937882438557e-04 1.039012532481989890e-03 -1.466852149427824541e-04 -1.042447785424835361e-03 6.441647932817377376e-04 3.489344499252577665e-04 5.776540439055813554e-04 3.177684600324027668e-05 8.765286679997735591e-05 -8.122433763662583177e-06 -1.284434655977306479e-04
-1.419939893060060201e-04 2.720562116899453490e-08 -1.653712596769844843e-07 -3.097838973951129172e-14 2.061029464743128674e-06 -6.091613698487616299e-06 7.292397697617809165e-05 4.884396021039376498e-07 -5.052097466128946580e-08 -3.322662886456730239e-07 4.652542798798291364e-03 -1.104406591815423243e-04 9.743868381292585326e-04 -3.220476704128235105e-04 2.074308742549556533e-03 -1.252679838830649288e-03 -4.664833244900386602e-03 -7.778290636496070463e-03 -2.655075802110536815e-02 -2.425766001238814813e-03 -1.191497675773090827e-03 -9.633957698810792503e-03 -1.916814600305338470e-06 3.177684600324026990e-05 3.976749327787530534e-03 -5.306896214171403885e-05 2.875362479212820481e-04 1.399065745485881911e-03
-1.215047867075879063e-05 -2.552567033605529961e-08 3.743260109604954949e-08 1.570240732170415174e-14 6.687975261785465833e-08 1.425265600745790570e-06 -9.104817439541028974e-05 1.498099961827321291e-06 5.191690632386220441e-07 7.522857412689227210e-07 -5.054780858070014385e-04 3.250882708750417861e-05 -6.185984845783977146e-05 5.274656917921700906e-05 -5.489848193388505377e-04 -5.232563231043194964e-04 -1.688405330864610585e-04 9.509596514100344478e-04 -1.644539475895644490e-03 -2.470058128104003770e-03 6.207418583209205892e-04 3.583585527004632234e-04 -1.168691826084431053e-04 8.765286679997735591e-05 -5.306896214171403207e-05 5.081571564347589932e-04 6.400257399722597215e-05 -1.439657414954594560e-04
-6.327901639880878027e-04 -1.610712398130175800e-07 3.128350133041221398e-08 -3.606420093761407205e-14 -3.875349508376555695e-06 -3.443723384760730741e-06 6.255336613660459700e-04 -5.185295961230476179e-06 9.109378141485720019e-07 -1.607393225522980953e-06 -2.087468648530611121e-02 3.034965064825778788e-04 6.079706535980527364e-04 -1.940914842451358746e-04 3.989317550261408524e-03 5.046221989865259244e-03 1.344797280835292961e-03 1.626622966886767359e-03 -3.523755741465656177e-02 1.020675738453764901e-03 1.308349522827098078e-02 3.252828591450964563e-02 3.368029758490907619e-05 -8.122433763662583177e-06 2.875362479212820481e-04 6.400257399722595860e-05 6.488485785715755044e-03 5.392719291330954831e-03
-1.736056481305958341e-03 -6.809687659979562281e-07 1.116874727316571910e-07 -1.376384180074536045e-14 -1.084691319051430068e-06 -1.192398066607804271e-05 1.370218931016872841e-03 6.406947667943074441e-06 7.673133172471064575e-06 -6.493040737992954059e-06 -3.782835497448975431e-02 -3.396500193715037931e-04 -4.165517913728013048e-03 4.833495479699250960e-03 1.909980106938459488e-02 8.774975459625134573e-04 3.554719226468448182e-03 2.053461982813960945e-02 6.979825479926926590e-02 -1.576754476805027408e-02 -1.663255149600820215e-02 4.108166432251923739e-02 1.653095533156470024e-04 -1.284434655977307021e-04 1.399065745485881911e-03 -1.439657414954594017e-04 5.392719291330954831e-03 4.227402448305224436e-02
