# H0 omega_b omega_cdm A_s n_s tau_reio ua10_log10V0 ua10_phi_trigger ua10_f_ax ua10_Gamma0 A_planck calib_100T calib_217T A_cib_217 xi_sz_cib A_sz ksz_norm gal545_A_100 gal545_A_143 gal545_A_143_217 gal545_A_217 ps_A_100_100 ps_A_143_143 ps_A_143_217 ps_A_217_217 galf_TE_A_100 galf_TE_A_100_143 galf_TE_A_100_217 galf_TE_A_143 galf_TE_A_143_217 galf_TE_A_217
1.566410855424184012e-01 2.869726633379055219e-05 -3.238273574705009014e-04 7.832892499082879236e-13 8.032200411604112312e-04 5.010000955335303400e-04 5.983834877017178873e-03 1.202073302073258243e-01 4.660665843671161178e-04 2.197224485674170377e-04 4.370510249058559424e-05 -3.787926521982148829e-06 -6.276674361493401813e-06 -4.871932748560958704e-02 2.100467150582384195e-03 -1.041266509908445916e-02 6.502589134504853027e-03 -2.681071403529391040e-03 -5.178842318788038843e-03 -4.533018521556970992e-02 -4.351920422194084648e-02 -1.093881924435398389e-01 -2.019937973977009305e-01 -1.359710660043701447e-01 -8.144015704655814536e-02 1.653472643909019543e-04 -7.667423435623579777e-05 3.068041866474787620e-04 -6.092490305881979569e-04 -6.640055244522459097e-04 -1.301494232954253805e-04
2.869726633379055219e-05 1.558821247206630288e-08 -3.584302877964345702e-08 5.725923172183084977e-16 1.164227377323972504e-07 1.197136622230378840e-07 6.728655239617042957e-07 -1.178671529193694871e-05 2.755432969580196573e-07 1.271865629921231484e-08 1.832905939580865329e-08 2.749673877139742612e-09 -2.019693912023563290e-09 -7.516940631740200412e-05 1.575140321076763851e-06 6.595728791061039050e-06 -2.422373415360974636e-05 -6.559107204240007524e-06 -1.368663043556632616e-05 -2.307085776227948989e-05 4.771726175187656935e-07 -1.954943335122158866e-04 -1.455006602550571024e-04 -3.615371839849657899e-05 4.205891121089504404e-05 5.154312850479913976e-08 -7.375203505212228374e-08 -1.221304121370179104e-07 -3.623613340488338766e-07 -3.226272063135450219e-07 -5.862997587264034628e-07
-3.238273574705009014e-04 -3.584302877964345702e-08 7.797854462504472814e-07 -2.697236342605708043e-16 -1.759461119662097640e-06 -9.756700477426644188e-07 -9.493951153021253978e-06 -2.133564279318550668e-04 -1.403433806065848980e-06 -6.103164250493649515e-07 -6.465564373266955849e-08 1.046838153675297367e-08 9.912525620701622685e-09 -3.934469354421330563e-05 -2.082068544011483405e-06 4.485693273421228030e-05 -8.151926368958892558e-05 6.157425117811732071e-06 -1.746415681081311123e-05 6.233874372799447163e-05 1.079943159195106137e-04 -2.776252073475331717e-04 2.337700795548678539e-04 3.202345748246246643e-04 3.453182724583207732e-04 -2.178192161833375179e-07 4.668129207884769642e-08 -1.146259182840339580e-06 6.002037583667826978e-07 1.182398855725766498e-06 -1.599113253435727908e-06
7.832892499082879236e-13 5.725923172183084977e-16 -2.697236342605708043e-16 1.053864107403727292e-21 1.548485859773418006e-14 2.214471655858373450e-13 1.831814198775604721e-12 1.557633603296695450e-11 -7.765209050464273188e-14 1.584476584718100916e-14 2.571990706413504242e-14 2.953230385161027216e-16 -8.460118655584259324e-16 -1.355326349240748480e-11 4.407803570979804079e-13 1.498460209467215369e-12 -6.020551220767615416e-12 -2.547802260614069201e-12 -1.088878655354245118e-12 -2.717997963104305890e-12 4.731854334240674083e-12 -2.007878573738355239e-11 -1.657271716366578997e-11 6.825672404413204162e-12 2.276087548148827190e-11 1.880055434378725868e-14 -3.162961654728886299e-14 -2.398924917549675283e-14 -4.111056892729619933e-14 -1.132427839889415484e-14 -1.552148168586915474e-13
8.032200411604112312e-04 1.164227377323972504e-07 -1.759461119662097640e-06 1.548485859773418006e-14 1.272262858568116420e-05 5.917253691417148393e-06 6.331419064036032033e-05 8.219067155686880311e-04 1.318393997286720106e-06 1.136787011377142757e-06 6.225509850438497830e-07 -1.142568495841310829e-07 -4.633049614658261624e-08 -2.671287199869822569e-03 6.127074007901826586e-05 5.524495998465370206e-04 -1.765364481124055912e-03 3.824432504017825311e-04 -2.285029844706013686e-04 -4.818488258214849787e-04 3.792378907912736857e-04 -1.835181903546797763e-02 -5.117246005796651995e-03 5.185868801433854989e-04 2.496250557334782696e-03 -1.485121088984337653e-06 -1.052085148832176169e-06 7.980321307761064142e-06 -6.050864214752780150e-06 3.855852628582725109e-06 -9.722757064112384757e-06
5.010000955335303400e-04 1.197136622230378840e-07 -9.756700477426646306e-07 2.214471655858373450e-13 5.917253691417148393e-06 5.371785397712203680e-05 4.248923368448400632e-04 3.652540701865822966e-03 -2.101712348454122861e-05 4.426399936661876062e-06 7.806455474658389370e-08 -6.399210316146394624e-08 -1.575879189455706078e-07 -2.642935319161811899e-03 8.507638570848181968e-05 3.522302227048988276e-04 -8.001855909953683359e-04 -5.554249227835745964e-04 6.138652535346817796e-05 -3.695557901420975654e-04 1.515696306525111687e-04 -6.498723497497156838e-03 -4.679090215068807714e-03 3.856238019000762394e-05 1.786632111290301647e-03 1.567249161077826799e-06 -8.242533106876623078e-06 -3.192380798763448304e-06 -9.098944417971281573e-06 -3.679386672991339216e-06 -3.836981808787021103e-05
5.983834877017182342e-03 6.728655239617033428e-07 -9.493951153021248896e-06 1.831814198775604721e-12 6.331419064036036099e-05 4.248923368448400632e-04 1.701713710561105986e+00 -3.377510661891196531e-01 2.571730258873489421e-03 7.131352086280169297e-04 3.246801132929596915e-05 -5.610825809955711986e-06 2.496019813296265115e-06 1.412291972579099719e-01 -8.515735685534042265e-04 -3.117365536111446882e-03 -4.110320308480810980e-02 2.732044235194210774e-02 1.286223451791419226e-01 1.146441996544864117e-01 5.444296383190340427e-02 3.486574891020885469e-01 -8.455297328176465677e-02 -1.407929971299309579e-01 -2.084000467033622073e-01 -6.467257862096245430e-04 8.394154949850589484e-04 -3.726697686163898005e-03 1.856781345224214940e-03 3.166020251352802796e-04 -1.173427615084680561e-02
1.202073302073258243e-01 -1.178671529193694871e-05 -2.133564279318550668e-04 1.557633603296695450e-11 8.219067155686880311e-04 3.652540701865822966e-03 -3.377510661891195975e-01 9.888105348673673234e+01 -1.684000280146581707e-02 -4.552690965264766525e-04 3.716343006525742610e-04 3.230875300829875058e-05 4.603574375868132713e-05 1.959279105230368412e+00 -4.971365743196807380e-02 1.108188313622150423e-01 4.219783632499782833e-01 2.476172381917658427e-01 -1.517091607244587352e-02 -2.225462093616051296e-02 -9.066163155179441935e-01 -5.866562275119321379e-01 -1.914502102498853553e+00 -2.531023238326932656e+00 -4.554524886549299545e+00 -2.986744112568725119e-03 -6.931524048159441384e-03 -1.669783449075283241e-02 -2.129740979592458991e-02 -1.556659692454243939e-02 -6.126093593400878945e-02
4.660665843671161178e-04 2.755432969580196573e-07 -1.403433806065848980e-06 -7.765209050464274451e-14 1.318393997286720741e-06 -2.101712348454122184e-05 2.571730258873489421e-03 -1.684000280146581707e-02 3.283030163934968614e-03 6.136280769594257805e-07 3.212848801858801482e-06 -3.027571331334781205e-07 1.052454929320089268e-06 8.937899575666595139e-03 3.639281003163392903e-04 6.560503453743162048e-04 -1.804179348198843612e-04 -1.348075113245797950e-03 3.506581123746962481e-04 5.474840665943603345e-04 -6.242927763156940965e-03 2.813348565904054757e-02 2.387415250354028243e-03 4.134897673631677574e-03 -8.262616845041712357e-03 4.735563863166895388e-05 1.472739709949683943e-05 5.885439854335526897e-05 3.308629297926446694e-05 4.609141444085409508e-05 4.097818589137507367e-05
2.197224485674170377e-04 1.271865629921230657e-08 -6.103164250493649515e-07 1.584476584718100916e-14 1.136787011377142969e-06 4.426399936661876909e-06 7.131352086280169297e-04 -4.552690965264772488e-04 6.136280769594245100e-07 1.924263685245712282e-04 -9.349351930295993405e-08 -1.906793358750678392e-07 -2.169329384441090236e-08 -2.109472237938551931e-03 -1.615021276576138225e-05 -4.377903711263173622e-04 6.906130100128735289e-04 -4.876880795317963202e-05 1.099024378324681492e-04 -4.694829982626084287e-05 8.267043794249015910e-04 -6.000099283164638496e-03 -2.032203028803635046e-03 -1.972245691032120489e-03 -1.401339269373073958e-04 -3.084106323104440435e-06 6.330247085273254936e-06 1.373911342912725293e-05 1.592489013244457369e-06 4.732869228313860908e-05 6.471637956528190991e-05
4.370510249058559424e-05 1.832905939580865329e-08 -6.465564373266955849e-08 2.571990706413504242e-14 6.225509850438497830e-07 7.806455474658389370e-08 3.246801132929594882e-05 3.716343006525742610e-04 3.212848801858802329e-06 -9.349351930296023845e-08 6.117361486291036627e-06 3.808447479067399973e-08 -3.613410066959747472e-08 4.841678599455579335e-04 -3.734497924049421066e-06 -4.911526093670595141e-05 -1.353485385133948254e-04 1.206235072603947811e-04 -4.011822021723180226e-06 -7.942220446490725792e-05 8.126801448481984092e-04 4.303037330894486298e-03 5.417366518375831691e-04 2.611065952233413627e-04 1.340793013309932863e-03 2.695635475454767873e-06 6.199480332424936223e-07 6.001050431226677711e-08 -2.082279467682235654e-07 2.572409116235820921e-06 8.889050358071690189e-06
-3.787926521982148829e-06 2.749673877139742612e-09 1.046838153675297367e-08 2.953230385161027216e-16 -1.142568495841310829e-07 -6.399210316146394624e-08 -5.610825809955709445e-06 3.230875300829875058e-05 -3.027571331334784381e-07 -1.906793358750678392e-07 3.808447479067399973e-08 3.787737252596899875e-07 -6.390477115178872133e-09 -2.891998104747666386e-04 7.826013612043603506e-07 1.085275202856359985e-04 -9.067539297560632875e-05 1.632001767549436176e-04 -1.806915714669973349e-04 -1.328589039252436338e-05 1.446772093316900680e-04 4.125620723452728261e-03 8.463805678355524611e-05 3.578299661927776326e-04 5.897762869947487932e-04 9.975681892011649254e-07 -2.553416510739453168e-08 -2.235495195521476536e-07 1.379254394009047341e-07 6.840157258734024432e-08 7.038104964230267825e-07
-6.276674361493401813e-06 -2.019693912023563290e-09 9.912525620701622685e-09 -8.460118655584259324e-16 -4.633049614658261624e-08 -1.575879189455706078e-07 2.496019813296265115e-06 4.603574375868132713e-05 1.052454929320089268e-06 -2.169329384441090236e-08 -3.613410066959747472e-08 -6.390477115178872133e-09 3.884290886401208161e-07 7.126608984032271887e-04 -1.387942707154913113e-06 -3.618162082539259786e-05 -1.429103478371442964e-05 -8.807749440997494962e-06 -2.595214596762497529e-05 4.247430986395209717e-04 9.252389746809364319e-04 2.580674683011371343e-04 1.394745340966307729e-04 -3.504693242533793093e-04 -1.333081305552840908e-03 -6.553179185757716111e-08 1.371939650190214578e-07 1.657072769992109561e-06 9.563481506647233162e-07 9.680212198386435988e-07 2.654154309963320930e-06
-4.871932748560958704e-02 -7.516940631740200412e-05 -3.934469354421330563e-05 -1.355326349240748480e-11 -2.671287199869822569e-03 -2.642935319161811899e-03 1.412291972579099719e-01 1.959279105230368412e+00 8.937899575666595139e-03 -2.109472237938551063e-03 4.841678599455579335e-04 -2.891998104747666386e-04 7.126608984032271887e-04 4.403601283265783906e+01 -3.421977896093389426e-01 -9.090411047013298163e-01 -9.955113599266016133e-02 1.936181655387483602e-01 4.282857396293165975e-01 -6.141842843217129477e+00 -3.388076381730475362e+01 3.101103590068162674e+01 1.961520548949006404e+00 -1.240874080433977689e+01 -5.482736204006403113e+01 1.172884484117716957e-04 -2.106512708893972657e-03 -4.588290435449148170e-03 -6.527000894762663950e-03 1.325454160736608484e-03 1.356316624402657996e-02
2.100467150582385062e-03 1.575140321076763851e-06 -2.082068544011483405e-06 4.407803570979804079e-13 6.127074007901826586e-05 8.507638570848180613e-05 -8.515735685534068285e-04 -4.971365743196805298e-02 3.639281003163391819e-04 -1.615021276576136193e-05 -3.734497924049415984e-06 7.826013612043598212e-07 -1.387942707154912266e-06 -3.421977896093388871e-01 8.207473746599490416e-02 -2.663889202144870127e-02 3.319829927922864771e-02 -2.845202004222577817e-03 1.643163177389692087e-02 1.381688082597829215e-01 1.330621257716878003e-01 -8.154244181616574494e-01 9.675085560871456991e-01 1.763287071392771077e+00 5.987685766001503707e-01 -8.198597715504932118e-05 -6.011902142928926979e-06 -1.680074006118077441e-04 -4.554353702779779323e-06 -3.199801039874151373e-05 -8.928260190438286814e-04
-1.041266509908445569e-02 6.595728791061039050e-06 4.485693273421228707e-05 1.498460209467215773e-12 5.524495998465370206e-04 3.522302227048988276e-04 -3.117365536111458592e-03 1.108188313622151255e-01 6.560503453743156627e-04 -4.377903711263174706e-04 -4.911526093670596496e-05 1.085275202856359985e-04 -3.618162082539259786e-05 -9.090411047013298163e-01 -2.663889202144870821e-02 3.787346464109474731e+00 -2.639278151015015172e+00 -2.236418854331043982e-01 1.521754261135390141e-01 2.605888615710625356e+00 3.300590256775067566e+00 -2.920704975617271515e+01 -2.691167884121073772e+00 7.949032881164429298e+00 5.457905636384637660e+00 1.526016662715602495e-03 -1.451537211630764051e-03 -7.297267100087456845e-04 -6.705280006735426981e-04 3.389498738577663341e-03 1.381983094003897197e-02
6.502589134504853027e-03 -2.422373415360974636e-05 -8.151926368958891203e-05 -6.020551220767615416e-12 -1.765364481124055912e-03 -8.001855909953683359e-04 -4.110320308480812368e-02 4.219783632499784498e-01 -1.804179348198840360e-04 6.906130100128735289e-04 -1.353485385133948254e-04 -9.067539297560632875e-05 -1.429103478371442456e-05 -9.955113599266016133e-02 3.319829927922864077e-02 -2.639278151015015172e+00 5.698370810802895647e+00 1.335579991414342360e-01 -1.468092458257217736e-01 -2.063817077025466240e+00 -2.443156331138709447e+00 1.283610743790196196e+01 -5.142521660213978052e+00 -1.189411035468642019e+01 -9.207365604862038921e+00 -8.008244494968150967e-04 -6.583252090954596931e-05 -1.042739809335654693e-03 6.840566973034062576e-04 -1.310597240875640114e-03 1.043674050478492123e-03
-2.681071403529391040e-03 -6.559107204240007524e-06 6.157425117811737153e-06 -2.547802260614069201e-12 3.824432504017825311e-04 -5.554249227835745964e-04 2.732044235194211815e-02 2.476172381917657872e-01 -1.348075113245799034e-03 -4.876880795317955071e-05 1.206235072603947946e-04 1.632001767549436176e-04 -8.807749440997493268e-06 1.936181655387483602e-01 -2.845202004222579118e-03 -2.236418854331043982e-01 1.335579991414342360e-01 3.428041586781891414e+00 6.161495554376352768e-01 3.221930666989259451e-01 3.533043313873495128e-01 -6.112897503222214368e+00 -2.932771333504350930e-01 -8.700104314378146464e-01 -8.604849616589580474e-01 -6.149394857688558064e-04 4.650196351269574296e-04 3.436327370333359336e-03 2.160692269026512845e-04 3.451102323852000935e-03 1.530904944227985546e-03
-5.178842318788038843e-03 -1.368663043556632616e-05 -1.746415681081311123e-05 -1.088878655354245118e-12 -2.285029844706013686e-04 6.138652535346820506e-05 1.286223451791419226e-01 -1.517091607244587352e-02 3.506581123746959228e-04 1.099024378324682305e-04 -4.011822021723180226e-06 -1.806915714669973349e-04 -2.595214596762497529e-05 4.282857396293165975e-01 1.643163177389692087e-02 1.521754261135390418e-01 -1.468092458257217736e-01 6.161495554376352768e-01 3.123545446780924717e+00 2.713667888197896172e+00 2.800532570327717519e+00 5.412504387273544104e+00 -1.271067393191506190e+00 -5.629091663764222986e-01 -1.135677431669015469e+00 -1.899882966259529293e-03 1.266217781354126511e-04 4.999434238791856380e-04 1.460216630397238608e-03 -8.041221489386749747e-04 -6.804528011779840783e-03
-4.533018521556970992e-02 -2.307085776227948989e-05 6.233874372799448518e-05 -2.717997963104306697e-12 -4.818488258214849787e-04 -3.695557901420975654e-04 1.146441996544864117e-01 -2.225462093616059969e-02 5.474840665943617440e-04 -4.694829982626120201e-05 -7.942220446490725792e-05 -1.328589039252436847e-05 4.247430986395209717e-04 -6.141842843217129477e+00 1.381688082597829215e-01 2.605888615710625800e+00 -2.063817077025466240e+00 3.221930666989259451e-01 2.713667888197896172e+00 1.095779437887308205e+01 1.956633153995016272e+01 -1.254811934613875657e+01 3.903358194633915090e+00 5.494435298778544308e+00 5.908691364793200229e+00 -2.141240468270086319e-03 3.980350359489535374e-04 6.507202699092779451e-03 5.150188107569270320e-03 1.246929830071366162e-03 1.864290243067922431e-02
-4.351920422194084648e-02 4.771726175187656935e-07 1.079943159195106137e-04 4.731854334240674083e-12 3.792378907912736857e-04 1.515696306525113313e-04 5.444296383190341815e-02 -9.066163155179441935e-01 -6.242927763156942700e-03 8.267043794249018078e-04 8.126801448481984092e-04 1.446772093316900680e-04 9.252389746809364319e-04 -3.388076381730475362e+01 1.330621257716878003e-01 3.300590256775067566e+00 -2.443156331138709447e+00 3.533043313873494573e-01 2.800532570327717519e+00 1.956633153995016272e+01 5.432193774652532881e+01 -2.166145536958017814e+01 4.101351973070295642e+00 8.149922475313125858e+00 3.469105032569794389e+01 -1.182335187993090132e-03 3.482553651600579260e-03 2.113043302077644015e-02 1.535158170320280457e-02 3.204078418701110202e-03 3.030589191130960217e-02
-1.093881924435398389e-01 -1.954943335122158866e-04 -2.776252073475331717e-04 -2.007878573738355239e-11 -1.835181903546797763e-02 -6.498723497497156838e-03 3.486574891020885469e-01 -5.866562275119321379e-01 2.813348565904053716e-02 -6.000099283164640231e-03 4.303037330894486298e-03 4.125620723452728261e-03 2.580674683011370259e-04 3.101103590068162674e+01 -8.154244181616574494e-01 -2.920704975617271515e+01 1.283610743790196373e+01 -6.112897503222214368e+00 5.412504387273544104e+00 -1.254811934613875657e+01 -2.166145536958018170e+01 7.675398453057791812e+02 6.048578660451653377e+01 -5.825390342757550144e+01 -5.451446210243030777e+01 2.833031744078794850e-03 2.210927761786094826e-03 2.051887098166743986e-02 1.481380862962101107e-02 -4.286773983644394381e-02 -1.167528387930297507e-01
-2.019937973977009305e-01 -1.455006602550571024e-04 2.337700795548678539e-04 -1.657271716366578997e-11 -5.117246005796651995e-03 -4.679090215068807714e-03 -8.455297328176467064e-02 -1.914502102498853553e+00 2.387415250354023473e-03 -2.032203028803635046e-03 5.417366518375831691e-04 8.463805678355524611e-05 1.394745340966307729e-04 1.961520548949006404e+00 9.675085560871456991e-01 -2.691167884121073772e+00 -5.142521660213976276e+00 -2.932771333504350930e-01 -1.271067393191506190e+00 3.903358194633915090e+00 4.101351973070294754e+00 6.048578660451653377e+01 5.968834334787232621e+01 4.167473959334286349e+01 1.505584645803465627e+01 2.534959282538906157e-03 6.790354078236044560e-03 6.312375356244532415e-03 9.167953336282510038e-03 -2.071191195294783821e-03 -1.373049353197739776e-02
-1.359710660043701447e-01 -3.615371839849657899e-05 3.202345748246246101e-04 6.825672404413204162e-12 5.185868801433854989e-04 3.856238019000746131e-05 -1.407929971299309579e-01 -2.531023238326933100e+00 4.134897673631678441e-03 -1.972245691032120055e-03 2.611065952233413627e-04 3.578299661927776326e-04 -3.504693242533793093e-04 -1.240874080433978044e+01 1.763287071392771077e+00 7.949032881164429298e+00 -1.189411035468642019e+01 -8.700104314378146464e-01 -5.629091663764222986e-01 5.494435298778544308e+00 8.149922475313125858e+00 -5.825390342757550144e+01 4.167473959334286349e+01 8.770099324913553573e+01 5.293040856599230182e+01 8.710374866339977082e-03 3.094447978946241948e-03 -2.980011718108087175e-03 1.051976889744746886e-03 6.425816878757675127e-03 -4.549521208051239378e-03
-8.144015704655814536e-02 4.205891121089504404e-05 3.453182724583207732e-04 2.276087548148827190e-11 2.496250557334782696e-03 1.786632111290301647e-03 -2.084000467033622905e-01 -4.554524886549299545e+00 -8.262616845041708888e-03 -1.401339269373076939e-04 1.340793013309932646e-03 5.897762869947487932e-04 -1.333081305552840908e-03 -5.482736204006401692e+01 5.987685766001503707e-01 5.457905636384637660e+00 -9.207365604862038921e+00 -8.604849616589580474e-01 -1.135677431669015469e+00 5.908691364793200229e+00 3.469105032569794389e+01 -5.451446210243030777e+01 1.505584645803465627e+01 5.293040856599230182e+01 1.037415302948325717e+02 6.950310303455964692e-03 6.155124386515916160e-03 -5.835892702697669659e-03 1.080202415155112269e-02 -3.169284236745179093e-03 -2.431708560338100011e-02
1.653472643909019543e-04 5.154312850479913314e-08 -2.178192161833376502e-07 1.880055434378725868e-14 -1.485121088984338288e-06 1.567249161077826164e-06 -6.467257862096243261e-04 -2.986744112568725552e-03 4.735563863166895388e-05 -3.084106323104440859e-06 2.695635475454767873e-06 9.975681892011651371e-07 -6.553179185757716111e-08 1.172884484117720075e-04 -8.198597715504929407e-05 1.526016662715602495e-03 -8.008244494968146630e-04 -6.149394857688561316e-04 -1.899882966259528860e-03 -2.141240468270086319e-03 -1.182335187993089265e-03 2.833031744078793549e-03 2.534959282538906591e-03 8.710374866339977082e-03 6.950310303455967294e-03 1.513695955756909177e-03 2.871615655003399389e-04 8.355095437087976698e-05 -3.282433787641486070e-04 -6.594227252303907453e-05 -3.175692194666812325e-04
-7.667423435623578422e-05 -7.375203505212228374e-08 4.668129207884769642e-08 -3.162961654728886299e-14 -1.052085148832175958e-06 -8.242533106876623078e-06 8.394154949850589484e-04 -6.931524048159441384e-03 1.472739709949682927e-05 6.330247085273254089e-06 6.199480332424936223e-07 -2.553416510739457139e-08 1.371939650190214314e-07 -2.106512708893972657e-03 -6.011902142928906651e-06 -1.451537211630764051e-03 -6.583252090954596931e-05 4.650196351269574296e-04 1.266217781354125698e-04 3.980350359489535374e-04 3.482553651600579260e-03 2.210927761786091791e-03 6.790354078236046295e-03 3.094447978946242815e-03 6.155124386515916160e-03 2.871615655003399389e-04 9.070713566246513216e-04 5.783011924485280929e-05 7.655996163364102393e-04 5.558026794622747494e-05 -7.467284332655274018e-04
3.068041866474788162e-04 -1.221304121370179104e-07 -1.146259182840339580e-06 -2.398924917549675283e-14 7.980321307761064142e-06 -3.192380798763449151e-06 -3.726697686163898005e-03 -1.669783449075283241e-02 5.885439854335522831e-05 1.373911342912725802e-05 6.001050431226677711e-08 -2.235495195521475477e-07 1.657072769992109561e-06 -4.588290435449148170e-03 -1.680074006118075815e-04 -7.297267100087467687e-04 -1.042739809335654693e-03 3.436327370333359336e-03 4.999434238791861801e-04 6.507202699092779451e-03 2.113043302077644015e-02 2.051887098166743639e-02 6.312375356244532415e-03 -2.980011718108087175e-03 -5.835892702697668792e-03 8.355095437087976698e-05 5.783011924485280929e-05 7.164430397611548131e-03 -2.420317526696394244e-04 6.601024540058928608e-04 4.632823800390496391e-03
-6.092490305881979569e-04 -3.623613340488338766e-07 6.002037583667826978e-07 -4.111056892729619933e-14 -6.050864214752780150e-06 -9.098944417971281573e-06 1.856781345224214940e-03 -2.129740979592458991e-02 3.308629297926447371e-05 1.592489013244450169e-06 -2.082279467682239095e-07 1.379254394009047341e-07 9.563481506647237397e-07 -6.527000894762663950e-03 -4.554353702779779323e-06 -6.705280006735425897e-04 6.840566973034057155e-04 2.160692269026516098e-04 1.460216630397238825e-03 5.150188107569271187e-03 1.535158170320280457e-02 1.481380862962100933e-02 9.167953336282510038e-03 1.051976889744745802e-03 1.080202415155112269e-02 -3.282433787641486070e-04 7.655996163364102393e-04 -2.420317526696394244e-04 2.835328924777587647e-03 4.614587384684644780e-04 -6.360572415155906064e-04
-6.640055244522459097e-04 -3.226272063135450219e-07 1.182398855725766710e-06 -1.132427839889415484e-14 3.855852628582725109e-06 -3.679386672991337099e-06 3.166020251352801712e-04 -1.556659692454243592e-02 4.609141444085408830e-05 4.732869228313860231e-05 2.572409116235820921e-06 6.840157258734024432e-08 9.680212198386435988e-07 1.325454160736608484e-03 -3.199801039874150695e-05 3.389498738577663341e-03 -1.310597240875641199e-03 3.451102323852000935e-03 -8.041221489386752999e-04 1.246929830071364861e-03 3.204078418701110202e-03 -4.286773983644396463e-02 -2.071191195294783821e-03 6.425816878757675127e-03 -3.169284236745179093e-03 -6.594227252303906097e-05 5.558026794622747494e-05 6.601024540058928608e-04 4.614587384684644780e-04 6.296448519087506114e-03 7.976916317705104106e-03
-1.301494232954250824e-04 -5.862997587264034628e-07 -1.599113253435728543e-06 -1.552148168586915474e-13 -9.722757064112384757e-06 -3.836981808787021781e-05 -1.173427615084680561e-02 -6.126093593400878945e-02 4.097818589137503301e-05 6.471637956528190991e-05 8.889050358071690189e-06 7.038104964230267825e-07 2.654154309963320930e-06 1.356316624402657996e-02 -8.928260190438283561e-04 1.381983094003897197e-02 1.043674050478496027e-03 1.530904944227984895e-03 -6.804528011779840783e-03 1.864290243067922431e-02 3.030589191130960217e-02 -1.167528387930297507e-01 -1.373049353197739776e-02 -4.549521208051234174e-03 -2.431708560338100011e-02 -3.175692194666811783e-04 -7.467284332655274018e-04 4.632823800390496391e-03 -6.360572415155906064e-04 7.976916317705104106e-03 7.328356414491710158e-02
