theory:
  classy:
    path: .
    extra_args:
      has_unified_a10: 'yes'
      non_linear: halofit
      N_ncdm: 1
      N_ur: 2.0328
likelihood:
  planck_2018_highl_plik.TTTEEE:
    path: null
    clik_file: baseline/plc_3.0/hi_l/plik/plik_rd12_HM_v22b_TTTEEE.clik
    prior:
      SZ: 'lambda ksz_norm, A_sz: stats.norm.logpdf(ksz_norm+1.6*A_sz, loc=9.5, scale=3.0)'
  planck_2018_lowl.TT: null
  planck_2018_lowl.EE: null
  bao.sdss_dr12_consensus_bao: null
  sn.pantheonplus: null
  shoes_H0:
    external: 'lambda _self, H0: -0.5 * ((H0 - 73.04) / 1.04)**2'
    requires:
    - H0
params:
  H0: 68.206
  omega_b: 0.0223
  omega_cdm: 0.1194
  A_s: 2.1e-09
  n_s: 0.965
  tau_reio: 0.055
  ua10_f_ax: 0.1
  ua10_Gamma0: 1.0
  ua10_n_ax: 2.5
  A_planck: 0.9979438672394767
  calib_100T: 1.0007215437872674
  calib_217T: 0.9968033223830819
  A_pol: 1.0
  calib_100P: 1.021
  calib_143P: 0.966
  calib_217P: 1.04
  cib_index: -1.3
  A_cib_217: 47.27189754360289
  xi_sz_cib: 0.04675702062808247
  A_sz: 8.84757863791849
  ksz_norm: 2.476366286151665
  gal545_A_100: 9.319800029433269
  gal545_A_143: 12.333491727539368
  gal545_A_143_217: 22.026422454904782
  gal545_A_217: 59.80846171972057
  A_sbpx_100_100_TT: 1.0
  A_sbpx_143_143_TT: 1.0
  A_sbpx_143_217_TT: 1.0
  A_sbpx_217_217_TT: 1.0
  ps_A_100_100: 276.2863095433778
  ps_A_143_143: 35.59187410732969
  ps_A_143_217: 48.771338238159146
  ps_A_217_217: 140.36394523801764
  galf_TE_index: -2.4
  galf_TE_A_100: 0.17216329567074776
  galf_TE_A_100_143: 0.03694740350221859
  galf_TE_A_100_217: 0.564368432565184
  galf_TE_A_143: 0.12421921085928826
  galf_TE_A_143_217: 0.6947514506576826
  galf_TE_A_217: 2.0621337529747565
  galf_EE_index: -2.4
  galf_EE_A_100: 0.055
  galf_EE_A_100_143: 0.04
  galf_EE_A_100_217: 0.094
  galf_EE_A_143: 0.086
  galf_EE_A_143_217: 0.21
  galf_EE_A_217: 0.7
  A_cnoise_e2e_100_100_EE: 1.0
  A_cnoise_e2e_143_143_EE: 1.0
  A_cnoise_e2e_217_217_EE: 1.0
  A_sbpx_100_100_EE: 1.0
  A_sbpx_100_143_EE: 1.0
  A_sbpx_100_217_EE: 1.0
  A_sbpx_143_143_EE: 1.0
  A_sbpx_143_217_EE: 1.0
  A_sbpx_217_217_EE: 1.0
  ua10_V0: 1.0e-16
  ua10_phi_trigger: 0.5
sampler:
  evaluate: null
output: run_C_hasA10_ultratiny_phi_0p5_V0_1em16
stop_at_error: true
