# H0 omega_b omega_cdm A_s n_s tau_reio ua10_f_ax ua10_V0 ua10_Gamma0 ua10_phi_trigger A_planck calib_100T calib_217T A_cib_217 xi_sz_cib A_sz ksz_norm gal545_A_100 gal545_A_143 gal545_A_143_217 gal545_A_217 ps_A_100_100 ps_A_143_143 ps_A_143_217 ps_A_217_217 galf_TE_A_100 galf_TE_A_100_143 galf_TE_A_100_217 galf_TE_A_143 galf_TE_A_143_217 galf_TE_A_217
1.710862166670489015e-01 3.829846202178134590e-05 -3.355037963424181854e-04 2.184230390094351517e-12 8.333855670073064131e-04 6.743854744026130067e-04 4.068370086699987548e-04 -1.011732914225909165e-03 -2.744223629293433397e-04 9.547436312448753792e-02 2.006855714058771844e-04 6.367759886120718933e-06 -2.916464564797235944e-05 2.348055873753499001e-01 -1.556698075188072718e-02 1.813264946801778355e-01 -2.255792856423969872e-01 3.445616758084657418e-03 4.748852959940325080e-02 1.940466631836113842e-01 1.233071277197750337e-01 -1.641111460594048221e+00 -3.674135742970499607e-01 -1.666314849630070316e-01 -2.489232251961917552e-01 -2.640806602899438155e-03 7.604772617247622683e-04 -1.078462592438774121e-03 2.592770206484573247e-03 3.141857619780236209e-04 -3.884096015531768222e-03
3.829846202178134590e-05 2.145517923824327958e-08 -4.822947490835901954e-08 1.019181849128657957e-15 1.275628715085512468e-07 1.960326284282803388e-07 -6.757094346237524338e-08 -1.128695311277448341e-07 -1.847321327888076561e-07 2.950851591971006632e-05 5.497282710205191229e-08 4.905939215342657537e-09 -6.053616791211147512e-09 -7.351535818966524179e-05 -3.427902494961570626e-06 6.741249199703841727e-05 -5.905989381093098781e-05 -1.468557597815907062e-05 6.441361070866809777e-06 5.489417342926386305e-05 1.113570018928032135e-04 -9.364090946004418724e-04 -2.704533845371136658e-04 -6.556732295055336186e-05 -1.605886498455526284e-05 -4.916283125893180183e-08 4.258265455300903800e-07 9.780991970344487793e-07 2.964617886723670474e-07 -2.765416056377600230e-07 -4.741171330348925479e-06
-3.355037963424181854e-04 -4.822947490835901954e-08 7.630487691161318450e-07 -1.147238708705696109e-15 -1.817268401499626185e-06 -8.175671810496092103e-07 -1.220357372697887756e-06 1.380490637051187872e-06 4.993081592791223248e-07 -1.671912787577471834e-04 -3.958395640539267591e-07 -8.153132642828420569e-09 4.805399783058451742e-08 -7.565800498044080715e-04 2.868421125170819578e-05 -2.924985355738685968e-04 3.695600903918708061e-04 -3.906874916452584488e-05 -1.326293594310463074e-04 -4.219631716884956400e-04 -1.886841864660705281e-04 2.272576469465542939e-03 5.160167193938007156e-04 5.570749360429731257e-04 8.981934259364332974e-04 5.515288466320096963e-06 -1.281606101890534803e-06 5.680226115500019879e-06 -4.896320755220165924e-06 1.240294148484042652e-07 2.242172963102634738e-06
2.184230390094351517e-12 1.019181849128657957e-15 -1.147238708705696109e-15 1.292957914552838477e-21 7.056539238189877615e-15 2.700752277325302322e-13 -4.587206542458588728e-13 1.368766661929932273e-14 -7.788698062498076444e-15 -4.390872866903625931e-13 2.935082510347586216e-14 3.572550808121083102e-15 -1.718933442865734927e-15 -1.029123561029896566e-11 3.583375718915246287e-15 7.471959308913164734e-12 -3.662260191221190625e-12 -4.831035750311630957e-12 -4.568990504078683599e-12 -2.272663189727677718e-12 2.840423405385826557e-13 -1.191429144105374738e-11 -3.567324511809062789e-11 2.805018559313397434e-11 4.180942150457964774e-11 -1.122353287162839525e-13 1.394629731612583981e-13 3.066324379837845588e-13 1.909975580544561077e-13 3.408983063790472671e-13 2.219999666786382119e-12
8.333855670073064131e-04 1.275628715085512468e-07 -1.817268401499626185e-06 7.056539238189877615e-15 1.150642781731634062e-05 3.220893068872557646e-06 -1.596948261009113098e-05 -6.233899071689768001e-06 2.247854388644261979e-06 7.187538926662970359e-04 1.559408955552643927e-06 -1.880065705669472882e-07 -1.657873368250987665e-07 -1.415401355553074338e-03 -5.741880533347922631e-06 1.498423075991099727e-03 -2.654950100686987932e-03 1.253660455971532207e-03 7.484746833039709717e-04 1.984950558098538386e-03 3.257302197011484064e-03 -2.178484899097529390e-02 -3.094880768246753046e-03 2.138800277898300021e-03 2.486885150574617322e-03 -1.419367286078117228e-05 1.041486012169364003e-05 -3.843975915135254160e-06 1.567592562732525051e-05 1.116701765305615782e-05 -2.474608564531380838e-05
6.743854744026130067e-04 1.960326284282803388e-07 -8.175671810496092103e-07 2.700752277325302322e-13 3.220893068872557646e-06 6.188641808310732897e-05 -1.040380338767394491e-04 4.466197380767515964e-06 -2.878424941891396714e-06 -4.811682147676760944e-05 1.925866685678452868e-06 7.120077724429492613e-07 -2.908652762597184330e-07 -3.779858299760392921e-04 2.769241984381852633e-05 2.087683035610840565e-03 -1.237692346217970614e-03 -3.162084493338322461e-04 -9.404904850705605307e-04 -5.047167225792275691e-04 -1.804562317649281667e-03 -7.966926667707931523e-03 -7.205663892557435252e-03 8.772456336568545260e-03 7.244522878236073042e-03 -2.857200832832655060e-05 2.524116469320048463e-05 5.106184565491176259e-05 3.417572423818652984e-05 6.923226774549575454e-05 4.837776650707991733e-04
4.068370086699987548e-04 -6.757094346237524338e-08 -1.220357372697887756e-06 -4.587206542458588728e-13 -1.596948261009113098e-05 -1.040380338767394491e-04 3.124355950089727912e-03 2.140478677862957084e-04 2.000942538802443816e-05 -1.436509844143418453e-03 -8.533707730249308490e-07 -7.578337831765795973e-07 3.526137557349673597e-06 1.184090575028803709e-02 -1.825816764554700220e-03 9.247607475384701792e-03 7.566975413656899839e-04 6.033363614203810996e-03 3.459382106096100216e-03 2.432011055786894443e-02 2.679830765195314116e-02 -1.699817142387844218e-02 -8.242346119634349740e-04 -4.618831206765287856e-02 -2.566231813025910205e-02 2.605531867301446496e-04 7.403671945865367111e-05 -1.656197035580775617e-04 -7.649449093122804612e-05 -3.340679026650142532e-04 -2.202071039654454956e-03
-1.011732914225909165e-03 -1.128695311277448077e-07 1.380490637051187872e-06 1.368766661929933693e-14 -6.233899071689768001e-06 4.466197380767515964e-06 2.140478677862957626e-04 7.756534135584843958e-04 -4.397514866148452187e-05 -5.297346749134177087e-04 -4.838156442809179757e-06 1.291247513190782845e-06 -2.534283147119224956e-06 4.613433968284854324e-03 1.111062342576510462e-03 -2.258164512593834571e-03 -2.375511655819938141e-03 -4.319051420101717269e-03 -1.797661998622588578e-03 -4.551366431480350846e-03 -2.266682690626344726e-02 1.204486840385543822e-01 3.039314064534524504e-02 1.871625235059626649e-02 7.354766298022397120e-03 -8.583149123181931276e-05 -1.242556830112981223e-05 1.358626509917552612e-04 -1.139342851217777880e-04 4.074286636436028839e-05 6.765897747586852766e-04
-2.744223629293433397e-04 -1.847321327888076561e-07 4.993081592791223248e-07 -7.788698062498078021e-15 2.247854388644260708e-06 -2.878424941891396714e-06 2.000942538802443816e-05 -4.397514866148452187e-05 1.619325401137946662e-04 -4.469176443478378529e-04 7.224340262580884350e-07 4.719991633610506252e-07 1.640135995657292695e-06 -2.521362845865848367e-03 6.366948901693083413e-05 -1.385915539585168147e-03 -3.787321930087416116e-03 3.513498630472954541e-03 2.545252444584776130e-03 7.136672472942635730e-03 1.775028759693694780e-02 5.474024413707279796e-02 1.571804904102780051e-02 5.252181615829809753e-03 1.077923357749435056e-03 -6.947026511233898014e-05 -1.049587936264480982e-05 -2.774917729062605624e-05 6.231326515938541324e-05 1.006264054601431571e-04 -3.611702651241494407e-05
9.547436312448753792e-02 2.950851591971006632e-05 -1.671912787577471834e-04 -4.390872866903625931e-13 7.187538926662970359e-04 -4.811682147676760944e-05 -1.436509844143418453e-03 -5.297346749134179255e-04 -4.469176443478378529e-04 2.201363204889815073e+00 3.921924228928957523e-04 -1.172587828693272207e-04 -1.312982153356698298e-04 -1.435239651805727545e+00 -5.858550603330957285e-02 -4.551496608000507038e-01 3.530474632126807122e-01 -2.253970878230240060e-01 4.381601976406222787e-02 -9.558113577059398902e-02 1.179984632205759443e+00 4.568276735302145397e+00 -1.574128944483304537e-01 -2.088264018857296733e+00 1.031505660010643366e+00 -6.383903675642617175e-03 -7.370704468341962926e-03 4.577865906472672504e-03 -2.593269541802807523e-03 -7.357882803012255266e-03 -3.643609362952616310e-02
2.006855714058771844e-04 5.497282710205191229e-08 -3.958395640539267591e-07 2.935082510347586216e-14 1.559408955552643927e-06 1.925866685678452868e-06 -8.533707730249308490e-07 -4.838156442809179757e-06 7.224340262580881174e-07 3.921924228928957523e-04 5.536059703427466470e-06 8.173479541075816675e-08 -1.490751996528317285e-07 -9.827479454368455263e-04 -7.098179821067914376e-05 -2.233092636972400279e-04 4.191490858827366943e-04 -5.036659282400791308e-04 2.283196846882950951e-04 7.627367204936085377e-04 2.851678187819960391e-03 6.282839358732017314e-03 -1.533900554625163221e-03 -3.899471104931972673e-03 6.237523443844781700e-04 -5.918302320856341516e-06 6.626178021635073091e-06 1.032301820841380024e-05 1.459901591522205703e-05 6.750789158822425870e-07 1.352962090099035519e-05
6.367759886120718933e-06 4.905939215342657537e-09 -8.153132642828420569e-09 3.572550808121083102e-15 -1.880065705669472882e-07 7.120077724429492613e-07 -7.578337831765795973e-07 1.291247513190783057e-06 4.719991633610506252e-07 -1.172587828693272207e-04 8.173479541075816675e-08 4.171902212322035473e-07 1.014123259397578354e-08 1.088888644045861632e-04 -2.424441604549458591e-06 2.254156846929260228e-04 2.309259316150630702e-05 7.931380415830279092e-05 -2.114471374082421706e-04 -1.796160803590149773e-05 -9.211790963756653666e-05 4.415019401302852989e-03 -3.179569366870712665e-04 2.213970893701540940e-04 -1.395719396657645332e-04 -5.003352637169295478e-07 1.354292849346462413e-06 8.712531066026338330e-07 2.255413065493234801e-06 3.365376148767281281e-06 2.923928722606137069e-06
-2.916464564797235944e-05 -6.053616791211147512e-09 4.805399783058451742e-08 -1.718933442865734927e-15 -1.657873368250987665e-07 -2.908652762597184330e-07 3.526137557349673597e-06 -2.534283147119224956e-06 1.640135995657292695e-06 -1.312982153356698298e-04 -1.490751996528317285e-07 1.014123259397578354e-08 3.951251270294635880e-07 4.234454806524634639e-04 -1.621211121250492712e-05 -7.912378501399474804e-05 1.560632085780608422e-04 9.501883293131608644e-05 -1.795024818111381907e-04 2.931289398594804740e-04 1.022704849331215748e-03 3.965257940669247925e-04 -3.306336266223874865e-04 -1.090535466636697931e-03 -1.441289116765123940e-03 1.122347689394973074e-06 2.016365800835713524e-06 -4.581891063886905753e-06 1.756539550158037012e-06 2.173368502440865936e-07 6.695655476669190721e-06
2.348055873753499001e-01 -7.351535818966524179e-05 -7.565800498044080715e-04 -1.029123561029896566e-11 -1.415401355553074338e-03 -3.779858299760392921e-04 1.184090575028803882e-02 4.613433968284854324e-03 -2.521362845865848367e-03 -1.435239651805727545e+00 -9.827479454368455263e-04 1.088888644045861632e-04 4.234454806524634639e-04 3.922103663804661267e+01 -4.131049313139650292e-01 2.463251580521433226e+00 -2.861283107710893336e+00 1.277711713491029855e-01 -6.927049355867102853e-02 -4.092830338788172817e+00 -3.156000628850364365e+01 -8.390824399412139201e+00 -2.277413917284135003e+00 -5.607477771678114564e+00 -4.090833660812218397e+01 -1.109165991100628454e-02 1.720546001750670323e-02 -5.436590764476760540e-02 1.882622138146133883e-02 -9.226322945582385304e-03 3.267703075879154623e-02
-1.556698075188072718e-02 -3.427902494961570626e-06 2.868421125170819239e-05 3.583375718915246287e-15 -5.741880533347919243e-06 2.769241984381852633e-05 -1.825816764554700220e-03 1.111062342576510462e-03 6.366948901693071216e-05 -5.858550603330957979e-02 -7.098179821067914376e-05 -2.424441604549458591e-06 -1.621211121250492712e-05 -4.131049313139650292e-01 7.657584283065364816e-02 -8.049287957125866866e-02 5.629514287856370036e-02 8.446115941834315965e-02 5.856205856241233909e-02 9.210013499876991416e-02 2.059029418903149111e-01 -1.339513797827016420e-02 8.510293771737638124e-01 1.530185085348426233e+00 5.552426754345024529e-01 -3.914394981294902834e-04 -7.424430590801369073e-04 2.093475121413242764e-03 -9.563274092901378944e-04 1.513153975754220415e-03 1.431556464341525361e-03
1.813264946801778355e-01 6.741249199703841727e-05 -2.924985355738685968e-04 7.471959308913164734e-12 1.498423075991099727e-03 2.087683035610840565e-03 9.247607475384701792e-03 -2.258164512593834571e-03 -1.385915539585168147e-03 -4.551496608000507038e-01 -2.233092636972401363e-04 2.254156846929260228e-04 -7.912378501399476159e-05 2.463251580521433226e+00 -8.049287957125866866e-02 4.295757469982940613e+00 -3.414250844999918044e+00 8.488887525388009656e-03 1.924126247249612065e-01 2.438283065679487827e+00 4.674080919583089022e-01 -3.511091964170162072e+01 -3.464112860591513243e+00 8.563054020911469166e+00 2.005308521299386637e+00 6.509159007673561911e-03 1.108796841360471831e-02 -2.201761908100563145e-02 1.455850345212373297e-02 -8.981154845009981999e-03 7.548880011197107477e-03
-2.255792856423969872e-01 -5.905989381093098781e-05 3.695600903918708061e-04 -3.662260191221190625e-12 -2.654950100686987932e-03 -1.237692346217970614e-03 7.566975413656899839e-04 -2.375511655819937708e-03 -3.787321930087416116e-03 3.530474632126807122e-01 4.191490858827366943e-04 2.309259316150630702e-05 1.560632085780608422e-04 -2.861283107710893336e+00 5.629514287856370036e-02 -3.414250844999918044e+00 6.362259239180182213e+00 -5.449955355646423083e-01 -9.705889420723263772e-01 -2.255365467153565007e+00 4.354569116948031615e-01 2.590233961841374466e+01 -5.374398452985063024e+00 -1.383276052130488409e+01 -6.995761693116819835e+00 -5.148453475104488621e-03 -5.841688783124640051e-03 6.993084793406352875e-03 -1.310289623572730633e-03 -1.213847281189040818e-02 -7.114825572716215740e-02
3.445616758084657418e-03 -1.468557597815907062e-05 -3.906874916452584488e-05 -4.831035750311630957e-12 1.253660455971532207e-03 -3.162084493338322461e-04 6.033363614203810996e-03 -4.319051420101717269e-03 3.513498630472954541e-03 -2.253970878230240060e-01 -5.036659282400791308e-04 7.931380415830279092e-05 9.501883293131608644e-05 1.277711713491029855e-01 8.446115941834315965e-02 8.488887525388000982e-03 -5.449955355646423083e-01 3.516861327850729246e+00 7.159898273924667489e-01 4.747661806524958172e-01 1.558882088371457975e-01 -1.005270361298437720e+01 1.727445084337660530e+00 2.895822756011513288e+00 5.917369259515817825e-01 -1.023526966235603489e-04 2.102441114378630297e-03 -4.106909286089900635e-03 4.901683168248075189e-04 8.077875395609161735e-03 9.774107610913627606e-03
4.748852959940325080e-02 6.441361070866809777e-06 -1.326293594310463074e-04 -4.568990504078683599e-12 7.484746833039709717e-04 -9.404904850705605307e-04 3.459382106096100216e-03 -1.797661998622588145e-03 2.545252444584776130e-03 4.381601976406222787e-02 2.283196846882950951e-04 -2.114471374082421706e-04 -1.795024818111381907e-04 -6.927049355867102853e-02 5.856205856241233215e-02 1.924126247249612065e-01 -9.705889420723263772e-01 7.159898273924667489e-01 3.437676623532770037e+00 3.118513706818650366e+00 3.293379303015128379e+00 7.283685826849251033e-01 -3.098225727121984296e-01 8.632284791070732322e-01 -2.679826582833632065e-01 2.983668419485341512e-03 -5.648492984715714968e-03 -5.770893718837073229e-03 -4.608648882518516510e-03 1.155346775072614747e-02 5.944780590507928566e-04
1.940466631836113842e-01 5.489417342926386305e-05 -4.219631716884956400e-04 -2.272663189727678122e-12 1.984950558098538386e-03 -5.047167225792272439e-04 2.432011055786894443e-02 -4.551366431480348244e-03 7.136672472942634862e-03 -9.558113577059398902e-02 7.627367204936085377e-04 -1.796160803590149773e-05 2.931289398594804740e-04 -4.092830338788172817e+00 9.210013499876991416e-02 2.438283065679487827e+00 -2.255365467153565007e+00 4.747661806524958172e-01 3.118513706818650366e+00 8.942592357333694508e+00 1.541942641878673292e+01 -1.208244234078235735e+01 5.872268453985629577e-01 3.728488094468931369e+00 2.532737419460273642e+00 -1.897770448209296513e-03 4.561137343392307475e-03 -2.054118790369697384e-02 1.581386020143533619e-02 1.132523160158900241e-02 -6.894326069812896016e-03
1.233071277197750337e-01 1.113570018928032135e-04 -1.886841864660705281e-04 2.840423405385826557e-13 3.257302197011484064e-03 -1.804562317649281667e-03 2.679830765195314116e-02 -2.266682690626344726e-02 1.775028759693694780e-02 1.179984632205759443e+00 2.851678187819960391e-03 -9.211790963756653666e-05 1.022704849331215748e-03 -3.156000628850364365e+01 2.059029418903149111e-01 4.674080919583089022e-01 4.354569116948033281e-01 1.558882088371457975e-01 3.293379303015128379e+00 1.541942641878673292e+01 4.923130803330793981e+01 6.438616719508478248e+00 1.432858542578652861e+00 3.035257661358476966e-01 2.360733635290001686e+01 -2.976738083525914524e-03 6.023379598135385335e-04 1.854878869739183880e-02 2.852350994341711424e-02 1.370994346168251908e-02 -2.385878061140142906e-02
-1.641111460594048221e+00 -9.364090946004418724e-04 2.272576469465542939e-03 -1.191429144105374738e-11 -2.178484899097529390e-02 -7.966926667707931523e-03 -1.699817142387841096e-02 1.204486840385543822e-01 5.474024413707279796e-02 4.568276735302145397e+00 6.282839358732017314e-03 4.415019401302852989e-03 3.965257940669247925e-04 -8.390824399412139201e+00 -1.339513797827016420e-02 -3.511091964170162072e+01 2.590233961841374466e+01 -1.005270361298437720e+01 7.283685826849251033e-01 -1.208244234078235735e+01 6.438616719508478248e+00 7.801530902744900686e+02 6.327464690225922794e+01 -6.879079592383801867e+01 -2.218121411719368297e+01 -1.175589640531009422e-01 -1.051805654795324729e-01 2.348176399806218562e-01 -1.774199226134536705e-02 6.795374207262774857e-02 2.621659896582260174e-01
-3.674135742970500162e-01 -2.704533845371136658e-04 5.160167193938007156e-04 -3.567324511809062789e-11 -3.094880768246753046e-03 -7.205663892557435252e-03 -8.242346119634329140e-04 3.039314064534524504e-02 1.571804904102780051e-02 -1.574128944483304537e-01 -1.533900554625163221e-03 -3.179569366870712665e-04 -3.306336266223874865e-04 -2.277413917284135003e+00 8.510293771737638124e-01 -3.464112860591513243e+00 -5.374398452985063024e+00 1.727445084337660530e+00 -3.098225727121984296e-01 5.872268453985628467e-01 1.432858542578652861e+00 6.327464690225922794e+01 5.673751147066123224e+01 3.952349183376735198e+01 2.177840133697431568e+01 3.389639508422935110e-03 -2.957773757957788199e-02 5.005453386153297518e-02 -6.008179314497386070e-02 4.101859688359358463e-02 1.567232457038919280e-01
-1.666314849630070039e-01 -6.556732295055336186e-05 5.570749360429731257e-04 2.805018559313397434e-11 2.138800277898300021e-03 8.772456336568545260e-03 -4.618831206765287856e-02 1.871625235059626649e-02 5.252181615829810621e-03 -2.088264018857296733e+00 -3.899471104931972673e-03 2.213970893701540940e-04 -1.090535466636697931e-03 -5.607477771678114564e+00 1.530185085348426233e+00 8.563054020911470943e+00 -1.383276052130488409e+01 2.895822756011513288e+00 8.632284791070732322e-01 3.728488094468931369e+00 3.035257661358476966e-01 -6.879079592383801867e+01 3.952349183376735198e+01 8.807085125967688555e+01 4.476165976529470214e+01 2.321353460798078472e-02 -6.390968234392392124e-03 5.308651627714679189e-02 -1.936466491191594225e-02 3.306698060432695235e-02 2.648903556882430399e-01
-2.489232251961917552e-01 -1.605886498455526284e-05 8.981934259364332974e-04 4.180942150457964774e-11 2.486885150574617322e-03 7.244522878236073042e-03 -2.566231813025910205e-02 7.354766298022397120e-03 1.077923357749435056e-03 1.031505660010643366e+00 6.237523443844781700e-04 -1.395719396657645332e-04 -1.441289116765123940e-03 -4.090833660812218397e+01 5.552426754345024529e-01 2.005308521299386637e+00 -6.995761693116819835e+00 5.917369259515817825e-01 -2.679826582833632065e-01 2.532737419460273642e+00 2.360733635290001686e+01 -2.218121411719368297e+01 2.177840133697431568e+01 4.476165976529470214e+01 7.687051226402853388e+01 2.254587304777532636e-02 -2.651669912690923434e-02 7.032717013955390450e-02 -4.108103828326489793e-02 2.409146961035343870e-02 1.805373276460403020e-01
-2.640806602899438155e-03 -4.916283125893174228e-08 5.515288466320096963e-06 -1.122353287162839525e-13 -1.419367286078117228e-05 -2.857200832832655060e-05 2.605531867301446496e-04 -8.583149123181931276e-05 -6.947026511233898014e-05 -6.383903675642617175e-03 -5.918302320856341516e-06 -5.003352637169292302e-07 1.122347689394973074e-06 -1.109165991100628454e-02 -3.914394981294902834e-04 6.509159007673561911e-03 -5.148453475104485151e-03 -1.023526966235608504e-04 2.983668419485342380e-03 -1.897770448209296513e-03 -2.976738083525914524e-03 -1.175589640531009422e-01 3.389639508422935110e-03 2.321353460798078472e-02 2.254587304777532983e-02 1.474827134962665562e-03 1.650555698675681981e-04 1.831228273666490685e-04 -4.891191472964548630e-04 -3.239385338000809206e-04 2.203900900002429784e-05
7.604772617247622683e-04 4.258265455300903800e-07 -1.281606101890534803e-06 1.394629731612583981e-13 1.041486012169364003e-05 2.524116469320048463e-05 7.403671945865365756e-05 -1.242556830112981223e-05 -1.049587936264480982e-05 -7.370704468341962926e-03 6.626178021635073091e-06 1.354292849346462413e-06 2.016365800835713524e-06 1.720546001750670323e-02 -7.424430590801369073e-04 1.108796841360471831e-02 -5.841688783124640051e-03 2.102441114378630297e-03 -5.648492984715714968e-03 4.561137343392307475e-03 6.023379598135385335e-04 -1.051805654795324729e-01 -2.957773757957788199e-02 -6.390968234392392991e-03 -2.651669912690923434e-02 1.650555698675682252e-04 7.363109695684363909e-04 3.730066136663462537e-04 5.600195107424496685e-04 2.722176502317916408e-04 6.485055759354470782e-04
-1.078462592438774121e-03 9.780991970344487793e-07 5.680226115500019879e-06 3.066324379837845588e-13 -3.843975915135254160e-06 5.106184565491176259e-05 -1.656197035580775617e-04 1.358626509917552341e-04 -2.774917729062607996e-05 4.577865906472674239e-03 1.032301820841380024e-05 8.712531066026338330e-07 -4.581891063886905753e-06 -5.436590764476760540e-02 2.093475121413242764e-03 -2.201761908100563145e-02 6.993084793406354610e-03 -4.106909286089903237e-03 -5.770893718837073229e-03 -2.054118790369697384e-02 1.854878869739184227e-02 2.348176399806218562e-01 5.005453386153297518e-02 5.308651627714679189e-02 7.032717013955389063e-02 1.831228273666490685e-04 3.730066136663462537e-04 6.961146986775501241e-03 1.506929665421592561e-04 9.103592396937753694e-04 3.018091553727422945e-03
2.592770206484573247e-03 2.964617886723670474e-07 -4.896320755220165924e-06 1.909975580544560825e-13 1.567592562732525051e-05 3.417572423818652984e-05 -7.649449093122804612e-05 -1.139342851217777880e-04 6.231326515938541324e-05 -2.593269541802807523e-03 1.459901591522205703e-05 2.255413065493234801e-06 1.756539550158037012e-06 1.882622138146133883e-02 -9.563274092901377860e-04 1.455850345212373297e-02 -1.310289623572730633e-03 4.901683168248075189e-04 -4.608648882518516510e-03 1.581386020143533619e-02 2.852350994341711424e-02 -1.774199226134536705e-02 -6.008179314497386070e-02 -1.936466491191594225e-02 -4.108103828326489793e-02 -4.891191472964548630e-04 5.600195107424496685e-04 1.506929665421592561e-04 2.394430731749309926e-03 6.424907508034486108e-04 -1.670103575954323661e-05
3.141857619780236209e-04 -2.765416056377600230e-07 1.240294148484042652e-07 3.408983063790472671e-13 1.116701765305615782e-05 6.923226774549575454e-05 -3.340679026650142532e-04 4.074286636436026806e-05 1.006264054601431571e-04 -7.357882803012255266e-03 6.750789158822425870e-07 3.365376148767281281e-06 2.173368502440865936e-07 -9.226322945582385304e-03 1.513153975754220198e-03 -8.981154845009981999e-03 -1.213847281189040818e-02 8.077875395609161735e-03 1.155346775072614747e-02 1.132523160158900241e-02 1.370994346168251908e-02 6.795374207262774857e-02 4.101859688359358463e-02 3.306698060432695235e-02 2.409146961035343870e-02 -3.239385338000809206e-04 2.722176502317916408e-04 9.103592396937753694e-04 6.424907508034486108e-04 5.791492012942448843e-03 8.210591647289910630e-03
-3.884096015531768222e-03 -4.741171330348925479e-06 2.242172963102634738e-06 2.219999666786382119e-12 -2.474608564531380838e-05 4.837776650707991733e-04 -2.202071039654454956e-03 6.765897747586851682e-04 -3.611702651241481532e-05 -3.643609362952616310e-02 1.352962090099035519e-05 2.923928722606137069e-06 6.695655476669191568e-06 3.267703075879154623e-02 1.431556464341524277e-03 7.548880011197107477e-03 -7.114825572716215740e-02 9.774107610913627606e-03 5.944780590507928566e-04 -6.894326069812896016e-03 -2.385878061140142906e-02 2.621659896582260174e-01 1.567232457038919280e-01 2.648903556882430399e-01 1.805373276460403020e-01 2.203900900002417248e-05 6.485055759354470782e-04 3.018091553727422945e-03 -1.670103575954323661e-05 8.210591647289910630e-03 6.141776685512882750e-02
