# H0 omega_b omega_cdm A_s n_s tau_reio ua10_f_ax ua10_V0 ua10_Gamma0 ua10_phi_trigger A_planck calib_100T calib_217T A_cib_217 xi_sz_cib A_sz ksz_norm gal545_A_100 gal545_A_143 gal545_A_143_217 gal545_A_217 ps_A_100_100 ps_A_143_143 ps_A_143_217 ps_A_217_217 galf_TE_A_100 galf_TE_A_100_143 galf_TE_A_100_217 galf_TE_A_143 galf_TE_A_143_217 galf_TE_A_217
1.996137526972901477e-01 3.750938415866249823e-05 -4.243630573493844941e-04 4.399865388441118456e-13 1.007936987526719761e-03 6.027202315941528749e-04 -9.067997347507507095e-04 -1.433619177800523264e-05 -1.741279629642166892e-04 9.132543366429076229e-04 -2.149162604462370870e-05 3.140543760124435669e-06 2.753730287862009824e-07 5.875445101374281859e-02 -4.744229344097968849e-03 1.939901413504049876e-02 -2.515703350591250165e-02 -8.410200053595284081e-04 8.478603579151110237e-03 -3.363050955061561847e-02 -8.916583125324564763e-02 -2.232586177112655113e-01 -3.090278470682290002e-01 -2.510843279832712382e-01 -2.818505380144798456e-01 -3.224426908387541908e-04 1.221428746654446972e-04 2.024497183828564289e-04 -8.337638419433754302e-04 -1.049570067497213217e-03 -5.100712707646788691e-03
3.750938415866249823e-05 1.808582675242576751e-08 -5.471972227580380121e-08 4.426282784994393076e-16 1.519677108441845689e-07 1.329369104971083494e-07 -1.311567347843423736e-07 5.539111456332908129e-08 -9.451867298722705667e-09 -9.870220464143722934e-07 -2.113978482973101025e-10 3.002343788718574316e-09 -1.044731830211055810e-09 -4.080894343387979893e-05 1.750158273652485287e-06 4.491893520678683806e-06 -2.377966596726914498e-05 1.146083188562088443e-06 -7.554815086399263330e-06 -2.175165782919592704e-05 -2.400544697363440967e-05 -1.886293709257311560e-04 -1.298083917326505507e-04 -6.002765793874182478e-05 -3.728352477571601423e-05 1.080136642676254619e-07 -4.454777960673235566e-08 -8.226709021969764899e-08 -4.806375020674615014e-07 -3.420642262119692118e-07 -2.025428075060619611e-06
-4.243630573493844941e-04 -5.471972227580380121e-08 1.023699122837562940e-06 9.525930014184566764e-17 -2.284252536223319043e-06 -1.303570046998247466e-06 2.242442215317155654e-06 1.500498000529049758e-07 4.780920582906093966e-07 5.695847590639976384e-06 5.770815256153226538e-08 -1.653609973623432528e-09 -4.923007298880603266e-09 -1.896003144687966524e-04 1.769495939155290643e-05 -6.244843076262886390e-05 2.264991212059263052e-05 4.137774729678199510e-06 -4.230235987967363080e-05 1.420370030401208578e-05 1.072424192552983802e-04 5.502226475689656320e-04 6.455827398336218964e-04 5.794965777628281224e-04 6.187651401345492172e-04 1.343729195517062442e-06 -1.491290006170579813e-07 -3.311137698556326266e-07 1.415404777421091523e-06 2.055536530984378712e-06 7.381129609511383103e-06
4.399865388441118456e-13 4.426282784994393076e-16 9.525930014184566764e-17 1.000389354257884869e-21 5.522204582961788172e-15 2.083260246011568835e-13 -3.337471995817373308e-14 3.685708476014122630e-14 4.564585656430582960e-15 -2.265764225486895398e-12 2.538297050097087307e-14 -2.549062686593812955e-16 1.755971142946332033e-16 -1.188678742481606360e-11 1.210605411611262545e-13 -2.033034497082807261e-13 -5.879919423713480826e-12 -1.542873214066735924e-12 -2.480732396438755873e-12 1.339837396991876399e-14 1.166521100384484525e-11 -2.218021929167900750e-11 -2.013794205439866911e-12 3.579455990224954963e-12 2.172906715291051091e-11 1.673014510726098658e-15 -1.272780263992645073e-14 7.755323699201239769e-14 -4.597484361731630227e-14 1.977436982905274325e-14 2.669513860872140170e-13
1.007936987526719761e-03 1.519677108441845689e-07 -2.284252536223319043e-06 5.522204582961788172e-15 1.420197813962533154e-05 4.937033478067045214e-06 -4.944098403282623605e-06 -3.260852255869666204e-06 -1.915752233949049793e-06 -6.663308068683390683e-05 -1.372725947783214467e-07 -1.106759412424523705e-07 -3.694157354231809912e-08 -3.461750242795251335e-03 2.749427119103202094e-05 8.318554690577322679e-04 -2.062751152121392127e-03 3.501607970706650808e-04 -4.889053449414766227e-04 -6.867829512472175364e-04 5.425791835107913715e-04 -2.081809052324003553e-02 -6.030726344180975529e-03 4.727019115666604389e-04 3.565703012467047288e-03 -1.862385680355552550e-06 3.010001747926030699e-06 1.455400534615989783e-06 1.635389026561288972e-06 -3.063192920079187733e-06 -1.890325477001631382e-05
6.027202315941528749e-04 1.329369104971083494e-07 -1.303570046998247466e-06 2.083260246011568835e-13 4.937033478067045214e-06 5.160219972634803442e-05 -6.529862843509077751e-06 9.397042519257740859e-06 -7.352303112475854175e-07 -5.617451258127453091e-04 -4.592622587432593769e-07 -1.231314662275937714e-07 4.763875660497007083e-08 -2.449062434755630048e-03 -3.665328796250279068e-05 2.312409320393932709e-04 -1.018810545649925835e-03 -1.805229671663149081e-04 -2.297153688650264058e-04 4.304556717070015959e-04 2.104431176632580013e-03 -9.679265156034269971e-03 -2.316692186960539468e-03 -1.738623809584015616e-03 1.272498232585869346e-03 1.219567426105193592e-06 -5.795656084005708777e-07 2.772409299690490968e-05 -8.901903610012806739e-06 7.418435947767649068e-06 5.927098014678257743e-05
-9.067997347507503842e-04 -1.311567347843423736e-07 2.242442215317155654e-06 -3.337471995817372677e-14 -4.944098403282623605e-06 -6.529862843509076057e-06 3.171623201128324649e-03 5.327050373415094924e-06 2.556610442514430155e-05 -2.037583311011852919e-03 -2.279217097353019829e-06 -2.331567858545480666e-06 8.584018528776568462e-07 1.878593370320534237e-02 -3.384468396365114735e-04 1.244102099387487358e-03 -3.128694823522142412e-03 2.933203832531816602e-03 1.629333511426061176e-03 7.154983959330661310e-04 -8.291091960589216242e-03 -2.847795683295343064e-02 -1.225408246297736859e-03 -4.994147873548695181e-03 -1.537702869622556423e-02 2.838260154635692639e-05 1.670148041055366221e-05 1.755580820143602303e-04 -6.186931401370101440e-05 -8.825259325853620411e-05 -1.133099311159199780e-05
-1.433619177800526483e-05 5.539111456332911438e-08 1.500498000529048964e-07 3.685708476014122630e-14 -3.260852255869665781e-06 9.397042519257740859e-06 5.327050373415111017e-06 8.150229281360190942e-04 -7.202152121221067671e-06 7.991285122026329244e-04 -1.294864986728653234e-06 8.210718054875427041e-07 -1.582808676870854397e-08 8.304787203990606631e-03 -1.745871619266895056e-04 5.155233250021687766e-04 8.973614404049523911e-05 9.569000597389574906e-04 -9.672527788097215083e-04 3.307878951346298604e-05 -4.617545745353257222e-03 6.855799433793999080e-03 -1.951764569558788950e-03 -7.521203487186441973e-03 -1.311356558023050838e-02 3.840017223094255267e-06 3.071059375936944640e-05 -6.612231861500683972e-06 1.029754683912599812e-05 -3.541143967531871936e-05 -6.897941086332868850e-05
-1.741279629642166621e-04 -9.451867298722718902e-09 4.780920582906092907e-07 4.564585656430582171e-15 -1.915752233949049370e-06 -7.352303112475854175e-07 2.556610442514430833e-05 -7.202152121221071059e-06 1.992751121462579703e-04 -2.718943133414284969e-04 5.561157999692480361e-07 -2.059010305435435717e-07 4.045993297926786423e-08 3.461461693700251200e-03 9.138540241973104920e-05 -4.726017300576325765e-04 7.338397567594090627e-04 -2.017456510212155746e-05 -8.639612832216604296e-04 -1.672247509936119992e-03 -3.338803803355190961e-03 -3.262769921308231527e-03 -1.365108325866067063e-03 1.227155493624787486e-03 -5.036722373432673226e-03 -2.366146855420083280e-05 -9.751345914480650148e-06 1.577721217139460777e-05 -4.619114640955219507e-06 -3.868149906836128088e-06 1.530703401763456120e-04
9.132543366429076229e-04 -9.870220464143722934e-07 5.695847590639976384e-06 -2.265764225486895398e-12 -6.663308068683390683e-05 -5.617451258127453091e-04 -2.037583311011852919e-03 7.991285122026325991e-04 -2.718943133414286053e-04 1.993374194043302960e+00 -6.368718762838631847e-06 1.508935038742544138e-05 8.153487905218190194e-06 4.225756564551380601e-01 -1.057609647616288354e-02 -1.808741012809604309e-01 2.753816661534812596e-02 -7.585331378792713186e-03 -6.168840738422271680e-02 -2.319237434286863520e-01 -5.206308746953792754e-01 2.257830924808617912e+00 2.987637032262871473e-01 -4.112117887648774062e-01 -5.553406726288295792e-01 -1.777051631044183899e-03 1.182608085393105270e-03 7.981893813503247292e-04 2.751226131887136474e-03 2.340157884879311145e-03 -7.328677477395149041e-03
-2.149162604462370870e-05 -2.113978482973101025e-10 5.770815256153226538e-08 2.538297050097087307e-14 -1.372725947783214467e-07 -4.592622587432593769e-07 -2.279217097353019829e-06 -1.294864986728653234e-06 5.561157999692477184e-07 -6.368718762838631847e-06 6.285276564601003645e-06 -7.200804580777975281e-09 -8.053387705657498006e-10 4.502051214713007001e-04 1.185738239017984885e-05 -1.608721953458451320e-04 -2.291098359467544365e-05 -6.898750698541066613e-05 -8.385850473776098192e-05 -1.613809205269436551e-04 7.552591039284707423e-04 5.741639996901430967e-03 8.811184082788137140e-04 9.034522759455322757e-04 1.817707692653291063e-03 -2.512921014649229900e-06 -8.795428679279211763e-07 -7.501508879859584923e-06 -1.259003731056869387e-06 -2.324669157090966875e-06 2.858059771077462514e-06
3.140543760124435669e-06 3.002343788718574316e-09 -1.653609973623432528e-09 -2.549062686593812955e-16 -1.106759412424523705e-07 -1.231314662275937714e-07 -2.331567858545480243e-06 8.210718054875427041e-07 -2.059010305435435981e-07 1.508935038742544138e-05 -7.200804580777975281e-09 3.851409668774348423e-07 -1.081918336149851247e-08 -1.405069439347977163e-04 -2.800914647602312027e-06 1.213381509680834487e-04 -2.076214298761950888e-05 2.161701196116474761e-04 -1.672018086515024632e-04 -2.031912197088349672e-05 -1.006606837710971451e-05 3.445813474999686980e-03 -8.912045919465152836e-05 1.809447234748974705e-04 2.972890892596925252e-04 -4.691049932684762432e-07 -2.127875712033174657e-07 -1.330230156854451478e-07 5.155792961803693289e-08 1.099390119714150929e-07 -9.465743445535875188e-06
2.753730287862009824e-07 -1.044731830211055810e-09 -4.923007298880603266e-09 1.755971142946332033e-16 -3.694157354231809912e-08 4.763875660497006421e-08 8.584018528776570580e-07 -1.582808676870841824e-08 4.045993297926786423e-08 8.153487905218190194e-06 -8.053387705657498006e-10 -1.081918336149851247e-08 3.742439033637158597e-07 4.310626912174165973e-04 -1.229474429940209890e-06 -5.547725067259435340e-05 1.494514533360595581e-05 -3.162935703709050361e-05 -2.739441136889799339e-06 4.434038447822740651e-04 1.087935706659303933e-03 4.913852020995033640e-04 1.132388701082883466e-04 -3.481362171302025189e-04 -9.627170155589915733e-04 -5.662896984907315955e-07 2.381125694461997060e-07 2.578893143419156159e-06 1.594371307979372242e-06 -5.376381427816844865e-07 -1.408020839059894339e-06
5.875445101374281859e-02 -4.080894343387979893e-05 -1.896003144687966524e-04 -1.188678742481606360e-11 -3.461750242795251335e-03 -2.449062434755630048e-03 1.878593370320534237e-02 8.304787203990606631e-03 3.461461693700251200e-03 4.225756564551380601e-01 4.502051214713007001e-04 -1.405069439347977163e-04 4.310626912174165973e-04 4.254990125691730896e+01 -3.565453626550917354e-01 -7.988397325763513246e-01 -1.347697165685607934e-01 -1.888298674266777888e-01 7.568980730589210948e-01 -5.656253475762437866e+00 -3.278915233405251684e+01 3.447110534500599499e+01 1.555804774344374808e+00 -1.189498878686281103e+01 -5.238520139327795988e+01 -4.215867827828020638e-05 4.572991207907722497e-03 1.812503980595928793e-02 -1.072409839464920356e-02 2.509585318756590508e-03 1.384866606748695605e-02
-4.744229344097971451e-03 1.750158273652484863e-06 1.769495939155290982e-05 1.210605411611262797e-13 2.749427119103202094e-05 -3.665328796250279068e-05 -3.384468396365114735e-04 -1.745871619266893429e-04 9.138540241973106275e-05 -1.057609647616288354e-02 1.185738239017985393e-05 -2.800914647602312027e-06 -1.229474429940209254e-06 -3.565453626550917354e-01 7.660379751299807582e-02 -6.038556241792093077e-02 3.818274008997869090e-02 7.140585787195920936e-03 1.587702958455029789e-02 8.555206390748404388e-02 1.323682700793654965e-01 -5.581599714624522202e-01 8.980915063656623731e-01 1.564004768924867728e+00 5.519612418625048367e-01 -1.826432419308590736e-04 -3.084057741108780322e-04 7.068892561501692324e-05 -1.899294902827577218e-05 -1.121836057789470011e-03 -1.888595194302339049e-03
1.939901413504050223e-02 4.491893520678683806e-06 -6.244843076262886390e-05 -2.033034497082808018e-13 8.318554690577322679e-04 2.312409320393932438e-04 1.244102099387486707e-03 5.155233250021680176e-04 -4.726017300576325765e-04 -1.808741012809604309e-01 -1.608721953458451320e-04 1.213381509680834487e-04 -5.547725067259435340e-05 -7.988397325763513246e-01 -6.038556241792093077e-02 4.066229165592211814e+00 -2.724659701662267786e+00 -2.055443526010939659e-01 1.114263659091023484e-01 2.800493451177678228e+00 3.388980298290846793e+00 -3.169992490872915170e+01 -3.527461314876953580e+00 7.790505003445303167e+00 5.143399255309860862e+00 -6.587660050201787996e-04 -6.711097347557005380e-04 -4.968802905654420843e-03 -1.039719479279152536e-03 1.879422338907248786e-03 -8.127776492272699785e-03
-2.515703350591250859e-02 -2.377966596726914836e-05 2.264991212059262035e-05 -5.879919423713480826e-12 -2.062751152121392127e-03 -1.018810545649925835e-03 -3.128694823522141979e-03 8.973614404049434464e-05 7.338397567594092796e-04 2.753816661534815372e-02 -2.291098359467547753e-05 -2.076214298761950888e-05 1.494514533360594734e-05 -1.347697165685608489e-01 3.818274008997869090e-02 -2.724659701662267786e+00 5.757625590508418156e+00 1.716617354998185019e-01 -2.362921581491442546e-01 -2.258373787184670967e+00 -2.430978963135915549e+00 1.383836150758256700e+01 -4.966500757798786303e+00 -1.174663707126764578e+01 -8.924391919560033415e+00 -1.070525519210763698e-03 3.085808777288083667e-05 3.390577943582158242e-03 -1.734501077021062326e-03 1.860229776255235736e-04 8.560514975546202818e-03
-8.410200053595284081e-04 1.146083188562088443e-06 4.137774729678199510e-06 -1.542873214066735924e-12 3.501607970706650808e-04 -1.805229671663148810e-04 2.933203832531817035e-03 9.569000597389578158e-04 -2.017456510212103230e-05 -7.585331378792713186e-03 -6.898750698541066613e-05 2.161701196116474761e-04 -3.162935703709050361e-05 -1.888298674266777888e-01 7.140585787195921803e-03 -2.055443526010939659e-01 1.716617354998185851e-01 3.396186097794408720e+00 5.526073427321935849e-01 2.026114300900861420e-01 2.741743098582877236e-01 -6.398084530555893323e+00 -6.539021555823795184e-01 -9.058453493688092273e-01 -5.037542619208589256e-01 -1.613371850321279263e-03 9.790434207467555491e-04 2.010528873858503929e-03 -2.549575837691658116e-04 1.403012955706420175e-03 6.236519754577982827e-03
8.478603579151113706e-03 -7.554815086399263330e-06 -4.230235987967363080e-05 -2.480732396438755873e-12 -4.889053449414766227e-04 -2.297153688650264058e-04 1.629333511426062260e-03 -9.672527788097215083e-04 -8.639612832216606465e-04 -6.168840738422272374e-02 -8.385850473776099547e-05 -1.672018086515024632e-04 -2.739441136889801457e-06 7.568980730589210948e-01 1.587702958455029789e-02 1.114263659091023900e-01 -2.362921581491442546e-01 5.526073427321935849e-01 3.195989810130264175e+00 2.727448399137366142e+00 2.639033077647382708e+00 5.358507658348286462e+00 -8.879413673761664683e-01 -5.087605860856335704e-01 -1.409682032138185104e+00 -1.698160315450033707e-03 -1.679028734912966147e-03 9.572314395969743926e-04 -1.003906543403220797e-03 6.833095402218906586e-05 4.131814335861214854e-03
-3.363050955061561154e-02 -2.175165782919592704e-05 1.420370030401207731e-05 1.339837396991852418e-14 -6.867829512472175364e-04 4.304556717070014333e-04 7.154983959330668900e-04 3.307878951346344005e-05 -1.672247509936119559e-03 -2.319237434286863520e-01 -1.613809205269436551e-04 -2.031912197088349672e-05 4.434038447822740651e-04 -5.656253475762437866e+00 8.555206390748405776e-02 2.800493451177678228e+00 -2.258373787184670967e+00 2.026114300900861975e-01 2.727448399137366586e+00 1.105636106125638207e+01 1.952507962032085942e+01 -1.321942897574176357e+01 3.698711348577505387e+00 5.006998169493616757e+00 5.414495594747641860e+00 3.349667494935766490e-04 -1.753362370918516667e-03 4.160550211479980935e-03 1.373969991477980504e-03 3.636330080247851071e-05 -2.263327415454174235e-02
-8.916583125324564763e-02 -2.400544697363440967e-05 1.072424192552983802e-04 1.166521100384484525e-11 5.425791835107913715e-04 2.104431176632580013e-03 -8.291091960589216242e-03 -4.617545745353257222e-03 -3.338803803355189660e-03 -5.206308746953792754e-01 7.552591039284707423e-04 -1.006606837710971451e-05 1.087935706659303933e-03 -3.278915233405251684e+01 1.323682700793654965e-01 3.388980298290846793e+00 -2.430978963135915549e+00 2.741743098582877236e-01 2.639033077647382264e+00 1.952507962032085942e+01 5.382967407570311735e+01 -2.611429835773049035e+01 4.635191175719955758e+00 8.316654929088024062e+00 3.305538658618321790e+01 -5.163560588272642820e-04 -4.941280665857618326e-03 -4.190353829985710111e-04 9.857130553546911839e-03 -1.062726995858980080e-03 -2.628203803463796673e-02
-2.232586177112655390e-01 -1.886293709257311560e-04 5.502226475689657404e-04 -2.218021929167900750e-11 -2.081809052324003553e-02 -9.679265156034273440e-03 -2.847795683295343758e-02 6.855799433794002549e-03 -3.262769921308232395e-03 2.257830924808617912e+00 5.741639996901430967e-03 3.445813474999686980e-03 4.913852020995033640e-04 3.447110534500598789e+01 -5.581599714624521091e-01 -3.169992490872914459e+01 1.383836150758256345e+01 -6.398084530555893323e+00 5.358507658348286462e+00 -1.321942897574176179e+01 -2.611429835773049035e+01 7.856148635127359512e+02 7.280321682192492005e+01 -5.662995249523298469e+01 -5.431749859393581659e+01 -5.410528167607159440e-03 1.112004497418644586e-02 7.069213775466579031e-02 5.021626300424029965e-02 8.808514798559629808e-03 -8.670406239573663632e-02
-3.090278470682290002e-01 -1.298083917326505507e-04 6.455827398336218964e-04 -2.013794205439866911e-12 -6.030726344180975529e-03 -2.316692186960539902e-03 -1.225408246297739461e-03 -1.951764569558790251e-03 -1.365108325866066412e-03 2.987637032262871473e-01 8.811184082788136055e-04 -8.912045919465159613e-05 1.132388701082883060e-04 1.555804774344374808e+00 8.980915063656623731e-01 -3.527461314876953580e+00 -4.966500757798786303e+00 -6.539021555823795184e-01 -8.879413673761664683e-01 3.698711348577505387e+00 4.635191175719955758e+00 7.280321682192492005e+01 5.996382556733684766e+01 3.766267298523624163e+01 1.369356608764258532e+01 1.069688867848626467e-04 1.147011681133428793e-04 1.167373208235856184e-02 1.662983118671748639e-02 -1.972197928404294948e-02 -1.721061800508473863e-02
-2.510843279832712382e-01 -6.002765793874182478e-05 5.794965777628281224e-04 3.579455990224954963e-12 4.727019115666604389e-04 -1.738623809584015616e-03 -4.994147873548695181e-03 -7.521203487186441973e-03 1.227155493624788353e-03 -4.112117887648774617e-01 9.034522759455321673e-04 1.809447234748974976e-04 -3.481362171302025189e-04 -1.189498878686281103e+01 1.564004768924867728e+00 7.790505003445303167e+00 -1.174663707126764578e+01 -9.058453493688092273e-01 -5.087605860856335704e-01 5.006998169493616757e+00 8.316654929088024062e+00 -5.662995249523298469e+01 3.766267298523624163e+01 8.187472667010983685e+01 4.933607006100891113e+01 -7.674787180796163386e-03 -8.685679007837725230e-03 -2.274338674064902907e-02 1.240313062611532111e-02 -2.495341415427473897e-02 -5.884077021310018391e-02
-2.818505380144798456e-01 -3.728352477571601423e-05 6.187651401345492172e-04 2.172906715291051091e-11 3.565703012467047288e-03 1.272498232585869346e-03 -1.537702869622556423e-02 -1.311356558023051011e-02 -5.036722373432674094e-03 -5.553406726288295792e-01 1.817707692653291063e-03 2.972890892596925252e-04 -9.627170155589915733e-04 -5.238520139327795988e+01 5.519612418625048367e-01 5.143399255309860862e+00 -8.924391919560033415e+00 -5.037542619208589256e-01 -1.409682032138185104e+00 5.414495594747641860e+00 3.305538658618321790e+01 -5.431749859393581659e+01 1.369356608764258532e+01 4.933607006100891113e+01 9.867251070247611722e+01 1.064344484654042430e-03 -5.403972466202570414e-03 -3.933166294116618306e-02 2.469957309086830838e-02 -3.554497625052445778e-03 -2.869162707266471532e-02
-3.224426908387540824e-04 1.080136642676255016e-07 1.343729195517062442e-06 1.673014510726098658e-15 -1.862385680355551492e-06 1.219567426105192957e-06 2.838260154635691623e-05 3.840017223094246797e-06 -2.366146855420083280e-05 -1.777051631044183899e-03 -2.512921014649229900e-06 -4.691049932684760314e-07 -5.662896984907315955e-07 -4.215867827827968461e-05 -1.826432419308591279e-04 -6.587660050201789080e-04 -1.070525519210763265e-03 -1.613371850321279263e-03 -1.698160315450034140e-03 3.349667494935774622e-04 -5.163560588272656914e-04 -5.410528167607162910e-03 1.069688867848647067e-04 -7.674787180796160783e-03 1.064344484654041563e-03 1.511800733409017104e-03 2.899217141021888985e-04 1.220062191995229640e-04 -3.836553959438941523e-04 -3.390618009645858332e-05 -5.166561595204430734e-05
1.221428746654446972e-04 -4.454777960673235566e-08 -1.491290006170579813e-07 -1.272780263992644284e-14 3.010001747926030699e-06 -5.795656084005704542e-07 1.670148041055366221e-05 3.071059375936945995e-05 -9.751345914480655231e-06 1.182608085393105054e-03 -8.795428679279210704e-07 -2.127875712033174392e-07 2.381125694461996795e-07 4.572991207907720762e-03 -3.084057741108780864e-04 -6.711097347557005380e-04 3.085808777288083667e-05 9.790434207467555491e-04 -1.679028734912966147e-03 -1.753362370918517318e-03 -4.941280665857620061e-03 1.112004497418644933e-02 1.147011681133428793e-04 -8.685679007837725230e-03 -5.403972466202570414e-03 2.899217141021888985e-04 8.196352562113570165e-04 3.926780039790626850e-06 6.964384073212021194e-04 1.471417457996990088e-04 -4.695163052526372493e-04
2.024497183828564560e-04 -8.226709021969764899e-08 -3.311137698556325737e-07 7.755323699201239769e-14 1.455400534615989571e-06 2.772409299690490968e-05 1.755580820143602303e-04 -6.612231861500688207e-06 1.577721217139460777e-05 7.981893813503247292e-04 -7.501508879859584923e-06 -1.330230156854450419e-07 2.578893143419156159e-06 1.812503980595929140e-02 7.068892561501697745e-05 -4.968802905654420843e-03 3.390577943582158676e-03 2.010528873858504796e-03 9.572314395969743926e-04 4.160550211479980935e-03 -4.190353829985710111e-04 7.069213775466580418e-02 1.167373208235856011e-02 -2.274338674064903601e-02 -3.933166294116619000e-02 1.220062191995229369e-04 3.926780039790626850e-06 7.228086191431976927e-03 -3.562374016280804817e-04 6.295628933145830733e-04 4.378515758971063439e-03
-8.337638419433754302e-04 -4.806375020674615014e-07 1.415404777421091523e-06 -4.597484361731630858e-14 1.635389026561289184e-06 -8.901903610012806739e-06 -6.186931401370102796e-05 1.029754683912600320e-05 -4.619114640955215271e-06 2.751226131887136474e-03 -1.259003731056868964e-06 5.155792961803693289e-08 1.594371307979372242e-06 -1.072409839464920356e-02 -1.899294902827583655e-05 -1.039719479279153187e-03 -1.734501077021061892e-03 -2.549575837691653237e-04 -1.003906543403220580e-03 1.373969991477980504e-03 9.857130553546913573e-03 5.021626300424029965e-02 1.662983118671748639e-02 1.240313062611531764e-02 2.469957309086830838e-02 -3.836553959438940981e-04 6.964384073212021194e-04 -3.562374016280804817e-04 2.913874384681010461e-03 6.159546143226623388e-04 -7.762012384150945420e-04
-1.049570067497213001e-03 -3.420642262119692118e-07 2.055536530984378712e-06 1.977436982905273378e-14 -3.063192920079189004e-06 7.418435947767648221e-06 -8.825259325853623122e-05 -3.541143967531872614e-05 -3.868149906836132323e-06 2.340157884879311145e-03 -2.324669157090966875e-06 1.099390119714150929e-07 -5.376381427816844865e-07 2.509585318756589641e-03 -1.121836057789470011e-03 1.879422338907248786e-03 1.860229776255246307e-04 1.403012955706420175e-03 6.833095402218880836e-05 3.636330080247954748e-05 -1.062726995858979213e-03 8.808514798559626338e-03 -1.972197928404294601e-02 -2.495341415427473897e-02 -3.554497625052443609e-03 -3.390618009645859009e-05 1.471417457996990630e-04 6.295628933145830733e-04 6.159546143226623388e-04 6.090188840949897243e-03 7.555202932171847970e-03
-5.100712707646788691e-03 -2.025428075060619611e-06 7.381129609511383103e-06 2.669513860872140170e-13 -1.890325477001631382e-05 5.927098014678257066e-05 -1.133099311159191818e-05 -6.897941086332866139e-05 1.530703401763456120e-04 -7.328677477395149041e-03 2.858059771077462514e-06 -9.465743445535875188e-06 -1.408020839059893492e-06 1.384866606748695605e-02 -1.888595194302338399e-03 -8.127776492272698050e-03 8.560514975546202818e-03 6.236519754577982827e-03 4.131814335861213119e-03 -2.263327415454174235e-02 -2.628203803463797367e-02 -8.670406239573663632e-02 -1.721061800508473863e-02 -5.884077021310017003e-02 -2.869162707266471532e-02 -5.166561595204425991e-05 -4.695163052526373035e-04 4.378515758971063439e-03 -7.762012384150945420e-04 7.555202932171847970e-03 7.192770986284725832e-02
