# H0 omega_b omega_cdm A_s n_s tau_reio ua10_f_ax ua10_V0 ua10_Gamma0 A_planck calib_100T calib_217T A_cib_217 xi_sz_cib A_sz ksz_norm gal545_A_100 gal545_A_143 gal545_A_143_217 gal545_A_217 ps_A_100_100 ps_A_143_143 ps_A_143_217 ps_A_217_217 galf_TE_A_100 galf_TE_A_100_143 galf_TE_A_100_217 galf_TE_A_143 galf_TE_A_143_217 galf_TE_A_217
2.500000000000000000e-01 0.000000000000000000e+00 0.000000000000000000e+00 0.000000000000000000e+00 0.000000000000000000e+00 0.000000000000000000e+00 0.000000000000000000e+00 0.000000000000000000e+00 0.000000000000000000e+00 0.000000000000000000e+00 0.000000000000000000e+00 0.000000000000000000e+00 0.000000000000000000e+00 0.000000000000000000e+00 0.000000000000000000e+00 0.000000000000000000e+00 0.000000000000000000e+00 0.000000000000000000e+00 0.000000000000000000e+00 0.000000000000000000e+00 0.000000000000000000e+00 0.000000000000000000e+00 0.000000000000000000e+00 0.000000000000000000e+00 0.000000000000000000e+00 0.000000000000000000e+00 0.000000000000000000e+00 0.000000000000000000e+00 0.000000000000000000e+00 0.000000000000000000e+00
0.000000000000000000e+00 1.809466600000000031e-08 -6.003439899999999825e-08 0.000000000000000000e+00 1.560039300000000093e-07 1.809855799999999887e-07 0.000000000000000000e+00 0.000000000000000000e+00 0.000000000000000000e+00 8.878908200000000150e-09 3.024845400000000139e-09 1.707188400000000085e-10 -7.368622900000000543e-05 1.011255200000000075e-06 8.537579599999999908e-06 -1.999591000000000012e-05 -5.960355499999999654e-06 -5.857269299999999828e-06 -1.214728599999999976e-05 1.121410899999999953e-05 -1.994102899999999966e-04 -1.870437599999999901e-04 -8.524795000000000430e-05 -6.905476300000000209e-06 -1.989627900000000121e-07 1.524991399999999995e-08 -4.261730100000000236e-07 -2.090112999999999944e-07 -2.588323700000000166e-07 -2.124639199999999849e-06
0.000000000000000000e+00 -6.003439899999999825e-08 1.024526799999999909e-06 0.000000000000000000e+00 -2.340352099999999957e-06 -1.736960000000000011e-06 0.000000000000000000e+00 0.000000000000000000e+00 0.000000000000000000e+00 -8.835988000000000652e-08 -8.496531199999999372e-09 5.106163699999999602e-09 2.074177199999999857e-05 -1.401524599999999924e-06 -3.425828700000000141e-05 -7.162948799999999632e-06 -2.032837200000000012e-05 -4.814879599999999789e-05 -1.947511099999999935e-05 3.506517399999999984e-05 4.661106799999999877e-04 6.568532300000000509e-04 4.384659900000000259e-04 3.451977099999999771e-04 3.660255400000000235e-07 -4.685776900000000158e-07 1.340391199999999959e-06 5.678808399999999504e-07 1.527255300000000029e-06 1.190667800000000052e-05
0.000000000000000000e+00 0.000000000000000000e+00 0.000000000000000000e+00 2.500000000000000239e-21 0.000000000000000000e+00 0.000000000000000000e+00 0.000000000000000000e+00 0.000000000000000000e+00 0.000000000000000000e+00 0.000000000000000000e+00 0.000000000000000000e+00 0.000000000000000000e+00 0.000000000000000000e+00 0.000000000000000000e+00 0.000000000000000000e+00 0.000000000000000000e+00 0.000000000000000000e+00 0.000000000000000000e+00 0.000000000000000000e+00 0.000000000000000000e+00 0.000000000000000000e+00 0.000000000000000000e+00 0.000000000000000000e+00 0.000000000000000000e+00 0.000000000000000000e+00 0.000000000000000000e+00 0.000000000000000000e+00 0.000000000000000000e+00 0.000000000000000000e+00 0.000000000000000000e+00
0.000000000000000000e+00 1.560039300000000093e-07 -2.340352099999999957e-06 0.000000000000000000e+00 1.414139400000000008e-05 6.546148200000000243e-06 0.000000000000000000e+00 0.000000000000000000e+00 0.000000000000000000e+00 4.636936599999999805e-07 -8.310816599999999878e-08 -5.013746299999999958e-08 -4.145298399999999654e-03 8.652009600000000098e-05 7.613172300000000184e-04 -1.880424799999999954e-03 2.329504800000000038e-04 -1.818224699999999871e-04 -4.163579999999999733e-04 9.587893000000000327e-04 -2.079199600000000009e-02 -6.394072800000000049e-03 1.071004499999999920e-03 4.654193699999999850e-03 -2.465336299999999891e-06 -1.277616300000000106e-06 4.784328299999999829e-06 -3.347108599999999963e-06 3.190007899999999809e-06 -8.658679299999999659e-06
0.000000000000000000e+00 1.809855799999999887e-07 -1.736960000000000011e-06 0.000000000000000000e+00 6.546148200000000243e-06 6.275185199999999328e-05 0.000000000000000000e+00 0.000000000000000000e+00 0.000000000000000000e+00 -7.643047099999999676e-07 6.427791900000000388e-09 -8.280665299999999355e-08 -2.658651599999999927e-03 1.136114900000000007e-04 3.051424899999999937e-04 -7.830622800000000246e-04 -7.719158200000000554e-05 -4.359480000000000213e-04 -7.084723500000000406e-04 -5.317145099999999935e-04 -1.263271499999999922e-02 -3.665463400000000017e-03 9.443652699999999667e-04 1.694671200000000093e-03 -4.757890799999999987e-07 -8.433144600000000627e-06 -1.715101099999999902e-05 -1.287322999999999940e-05 -2.175141400000000147e-05 -6.043392100000000166e-05
0.000000000000000000e+00 0.000000000000000000e+00 0.000000000000000000e+00 0.000000000000000000e+00 0.000000000000000000e+00 0.000000000000000000e+00 1.000000000000000048e-04 0.000000000000000000e+00 0.000000000000000000e+00 0.000000000000000000e+00 0.000000000000000000e+00 0.000000000000000000e+00 0.000000000000000000e+00 0.000000000000000000e+00 0.000000000000000000e+00 0.000000000000000000e+00 0.000000000000000000e+00 0.000000000000000000e+00 0.000000000000000000e+00 0.000000000000000000e+00 0.000000000000000000e+00 0.000000000000000000e+00 0.000000000000000000e+00 0.000000000000000000e+00 0.000000000000000000e+00 0.000000000000000000e+00 0.000000000000000000e+00 0.000000000000000000e+00 0.000000000000000000e+00 0.000000000000000000e+00
0.000000000000000000e+00 0.000000000000000000e+00 0.000000000000000000e+00 0.000000000000000000e+00 0.000000000000000000e+00 0.000000000000000000e+00 0.000000000000000000e+00 2.500000000000000120e-05 0.000000000000000000e+00 0.000000000000000000e+00 0.000000000000000000e+00 0.000000000000000000e+00 0.000000000000000000e+00 0.000000000000000000e+00 0.000000000000000000e+00 0.000000000000000000e+00 0.000000000000000000e+00 0.000000000000000000e+00 0.000000000000000000e+00 0.000000000000000000e+00 0.000000000000000000e+00 0.000000000000000000e+00 0.000000000000000000e+00 0.000000000000000000e+00 0.000000000000000000e+00 0.000000000000000000e+00 0.000000000000000000e+00 0.000000000000000000e+00 0.000000000000000000e+00 0.000000000000000000e+00
0.000000000000000000e+00 0.000000000000000000e+00 0.000000000000000000e+00 0.000000000000000000e+00 0.000000000000000000e+00 0.000000000000000000e+00 0.000000000000000000e+00 0.000000000000000000e+00 9.999999999999999547e-07 0.000000000000000000e+00 0.000000000000000000e+00 0.000000000000000000e+00 0.000000000000000000e+00 0.000000000000000000e+00 0.000000000000000000e+00 0.000000000000000000e+00 0.000000000000000000e+00 0.000000000000000000e+00 0.000000000000000000e+00 0.000000000000000000e+00 0.000000000000000000e+00 0.000000000000000000e+00 0.000000000000000000e+00 0.000000000000000000e+00 0.000000000000000000e+00 0.000000000000000000e+00 0.000000000000000000e+00 0.000000000000000000e+00 0.000000000000000000e+00 0.000000000000000000e+00
0.000000000000000000e+00 8.878908200000000150e-09 -8.835988000000000652e-08 0.000000000000000000e+00 4.636936599999999805e-07 -7.643047099999999676e-07 0.000000000000000000e+00 0.000000000000000000e+00 0.000000000000000000e+00 6.107418300000000065e-06 -5.476771800000000057e-08 -4.033808199999999996e-09 1.099731199999999911e-03 6.605745600000000372e-06 -3.882535999999999990e-05 -5.179296800000000281e-05 1.159005799999999948e-05 -8.218383900000000419e-05 -3.448884900000000024e-04 -4.125253899999999850e-05 2.195722199999999846e-03 4.604675199999999765e-04 4.532608200000000104e-04 8.293305300000000267e-04 2.115706500000000205e-06 -3.903334100000000102e-07 6.277770299999999684e-06 -4.245657700000000149e-06 -3.931193500000000294e-06 -3.906831100000000176e-06
0.000000000000000000e+00 3.024845400000000139e-09 -8.496531199999999372e-09 0.000000000000000000e+00 -8.310816599999999878e-08 6.427791900000000388e-09 0.000000000000000000e+00 0.000000000000000000e+00 0.000000000000000000e+00 -5.476771800000000057e-08 3.917437400000000003e-07 1.021149800000000075e-09 -2.638569999999999913e-04 8.079058200000000276e-06 1.152769900000000003e-04 -6.502542299999999875e-05 1.938918399999999952e-04 -1.816953199999999963e-04 3.301389699999999756e-05 1.609931599999999926e-04 3.712945200000000116e-03 8.163913400000000209e-05 5.007086499999999956e-04 5.095938400000000297e-04 -3.450477699999999933e-07 5.333121700000000257e-08 -1.591570100000000102e-06 -1.715171699999999945e-07 4.451802099999999875e-08 -3.577903500000000073e-06
0.000000000000000000e+00 1.707188400000000085e-10 5.106163699999999602e-09 0.000000000000000000e+00 -5.013746299999999958e-08 -8.280665299999999355e-08 0.000000000000000000e+00 0.000000000000000000e+00 0.000000000000000000e+00 -4.033808199999999996e-09 1.021149800000000075e-09 3.761613999999999977e-07 6.311702599999999535e-04 2.579640000000000089e-06 -8.724024799999999659e-05 4.323279599999999955e-05 4.907247400000000209e-06 -5.074950300000000077e-05 3.687969500000000097e-04 9.114407500000000538e-04 7.834009600000000273e-04 1.673717800000000078e-04 -3.946098499999999942e-04 -1.269718200000000043e-03 7.683314100000000575e-08 7.949584799999999582e-07 -1.396829700000000071e-06 1.246932699999999904e-06 -5.743292799999999641e-07 -3.707250300000000195e-06
0.000000000000000000e+00 -7.368622900000000543e-05 2.074177199999999857e-05 0.000000000000000000e+00 -4.145298399999999654e-03 -2.658651599999999927e-03 0.000000000000000000e+00 0.000000000000000000e+00 0.000000000000000000e+00 1.099731199999999911e-03 -2.638569999999999913e-04 6.311702599999999535e-04 4.344551299999999827e+01 -3.066560400000000186e-01 -6.606282599999999672e-01 -4.116796999999999818e-01 -2.832354899999999908e-03 4.136516100000000029e-01 -5.599364300000000405e+00 -3.268898000000000081e+01 3.011792700000000167e+01 3.311162700000000125e+00 -1.025397300000000023e+01 -5.228143000000000029e+01 -6.665133900000000042e-03 4.072283300000000212e-04 2.369652500000000040e-03 -2.432309599999999891e-03 -1.500037400000000035e-02 -2.300813700000000142e-02
0.000000000000000000e+00 1.011255200000000075e-06 -1.401524599999999924e-06 0.000000000000000000e+00 8.652009600000000098e-05 1.136114900000000007e-04 0.000000000000000000e+00 0.000000000000000000e+00 0.000000000000000000e+00 6.605745600000000372e-06 8.079058200000000276e-06 2.579640000000000089e-06 -3.066560400000000186e-01 8.362160300000000268e-02 -4.032871400000000162e-02 5.000099699999999842e-02 3.358884300000000017e-03 1.855932999999999888e-02 1.194188600000000017e-01 1.072227000000000041e-01 -5.567583799999999972e-01 9.746155800000000369e-01 1.763073600000000019e+00 5.438609100000000307e-01 -1.380647100000000072e-04 -7.485986199999999393e-05 -4.775059599999999889e-04 2.849538000000000093e-04 4.671524100000000175e-04 7.628401000000000149e-04
0.000000000000000000e+00 8.537579599999999908e-06 -3.425828700000000141e-05 0.000000000000000000e+00 7.613172300000000184e-04 3.051424899999999937e-04 0.000000000000000000e+00 0.000000000000000000e+00 0.000000000000000000e+00 -3.882535999999999990e-05 1.152769900000000003e-04 -8.724024799999999659e-05 -6.606282599999999672e-01 -4.032871400000000162e-02 3.715024999999999800e+00 -2.593744300000000003e+00 -2.251282599999999967e-01 2.640045799999999887e-01 2.548032300000000028e+00 2.941279199999999872e+00 -3.023612999999999928e+01 -3.452907300000000124e+00 7.144366999999999912e+00 4.892277700000000173e+00 -2.423883699999999962e-04 -2.590898100000000150e-04 -1.547098599999999994e-03 -9.286579300000000203e-04 1.363293100000000048e-03 3.526450799999999823e-03
0.000000000000000000e+00 -1.999591000000000012e-05 -7.162948799999999632e-06 0.000000000000000000e+00 -1.880424799999999954e-03 -7.830622800000000246e-04 0.000000000000000000e+00 0.000000000000000000e+00 0.000000000000000000e+00 -5.179296800000000281e-05 -6.502542299999999875e-05 4.323279599999999955e-05 -4.116796999999999818e-01 5.000099699999999842e-02 -2.593744300000000003e+00 5.767714299999999739e+00 1.834956100000000034e-01 -2.972547500000000120e-01 -1.939529700000000023e+00 -1.935430999999999901e+00 1.264494000000000007e+01 -4.988728899999999911e+00 -1.144261099999999942e+01 -8.857320500000000152e+00 1.807042299999999909e-03 -3.962155599999999853e-04 -2.611580999999999972e-03 -1.839465800000000036e-03 -2.801433199999999943e-03 -6.613886199999999662e-04
0.000000000000000000e+00 -5.960355499999999654e-06 -2.032837200000000012e-05 0.000000000000000000e+00 2.329504800000000038e-04 -7.719158200000000554e-05 0.000000000000000000e+00 0.000000000000000000e+00 0.000000000000000000e+00 1.159005799999999948e-05 1.938918399999999952e-04 4.907247400000000209e-06 -2.832354899999999908e-03 3.358884300000000017e-03 -2.251282599999999967e-01 1.834956100000000034e-01 3.345339599999999969e+00 5.323518099999999809e-01 2.188731200000000043e-01 3.020169300000000168e-01 -5.911033200000000321e+00 -2.379505199999999987e-01 -6.875777699999999770e-01 -4.599467899999999942e-01 -1.095072600000000090e-03 2.375676900000000050e-03 1.791581200000000058e-03 8.474497099999999652e-05 -5.623411100000000502e-04 1.027953899999999943e-03
0.000000000000000000e+00 -5.857269299999999828e-06 -4.814879599999999789e-05 0.000000000000000000e+00 -1.818224699999999871e-04 -4.359480000000000213e-04 0.000000000000000000e+00 0.000000000000000000e+00 0.000000000000000000e+00 -8.218383900000000419e-05 -1.816953199999999963e-04 -5.074950300000000077e-05 4.136516100000000029e-01 1.855932999999999888e-02 2.640045799999999887e-01 -2.972547500000000120e-01 5.323518099999999809e-01 3.158868899999999869e+00 2.669810000000000016e+00 2.589264899999999869e+00 4.583370099999999780e+00 -1.228539899999999907e+00 1.825313699999999914e-02 -6.329796399999999545e-01 -1.887888099999999981e-04 3.884933199999999771e-04 -7.863437099999999848e-04 9.313931699999999491e-04 2.642976500000000176e-03 6.140177099999999735e-03
0.000000000000000000e+00 -1.214728599999999976e-05 -1.947511099999999935e-05 0.000000000000000000e+00 -4.163579999999999733e-04 -7.084723500000000406e-04 0.000000000000000000e+00 0.000000000000000000e+00 0.000000000000000000e+00 -3.448884900000000024e-04 3.301389699999999756e-05 3.687969500000000097e-04 -5.599364300000000405e+00 1.194188600000000017e-01 2.548032300000000028e+00 -1.939529700000000023e+00 2.188731200000000043e-01 2.669810000000000016e+00 1.056530300000000011e+01 1.869237599999999944e+01 -1.234492900000000049e+01 3.189210099999999937e+00 4.750933999999999990e+00 5.025138100000000385e+00 8.516859699999999476e-05 2.557365800000000085e-03 -5.997277999999999984e-03 4.899778100000000067e-03 -1.800940899999999934e-04 8.457628300000000557e-03
0.000000000000000000e+00 1.121410899999999953e-05 3.506517399999999984e-05 0.000000000000000000e+00 9.587893000000000327e-04 -5.317145099999999935e-04 0.000000000000000000e+00 0.000000000000000000e+00 0.000000000000000000e+00 -4.125253899999999850e-05 1.609931599999999926e-04 9.114407500000000538e-04 -3.268898000000000081e+01 1.072227000000000041e-01 2.941279199999999872e+00 -1.935430999999999901e+00 3.020169300000000168e-01 2.589264899999999869e+00 1.869237599999999944e+01 5.238025199999999870e+01 -2.133133499999999927e+01 2.966480100000000064e+00 5.968369400000000269e+00 3.159994100000000117e+01 6.786130799999999866e-03 5.390562300000000320e-03 -1.140146899999999915e-02 7.919904999999999654e-03 -1.432907700000000050e-04 1.287954300000000024e-02
0.000000000000000000e+00 -1.994102899999999966e-04 4.661106799999999877e-04 0.000000000000000000e+00 -2.079199600000000009e-02 -1.263271499999999922e-02 0.000000000000000000e+00 0.000000000000000000e+00 0.000000000000000000e+00 2.195722199999999846e-03 3.712945200000000116e-03 7.834009600000000273e-04 3.011792700000000167e+01 -5.567583799999999972e-01 -3.023612999999999928e+01 1.264494000000000007e+01 -5.911033200000000321e+00 4.583370099999999780e+00 -1.234492900000000049e+01 -2.133133499999999927e+01 7.796850899999999456e+02 7.517664299999999855e+01 -4.885015400000000341e+01 -5.017977199999999982e+01 2.725418500000000238e-04 1.074601099999999976e-02 2.060154000000000152e-02 1.564555200000000094e-03 -9.430322399999999800e-03 -5.951809899999999792e-02
0.000000000000000000e+00 -1.870437599999999901e-04 6.568532300000000509e-04 0.000000000000000000e+00 -6.394072800000000049e-03 -3.665463400000000017e-03 0.000000000000000000e+00 0.000000000000000000e+00 0.000000000000000000e+00 4.604675199999999765e-04 8.163913400000000209e-05 1.673717800000000078e-04 3.311162700000000125e+00 9.746155800000000369e-01 -3.452907300000000124e+00 -4.988728899999999911e+00 -2.379505199999999987e-01 -1.228539899999999907e+00 3.189210099999999937e+00 2.966480100000000064e+00 7.517664299999999855e+01 6.317532099999999673e+01 4.202266600000000096e+01 1.357639900000000033e+01 7.172322599999999843e-04 3.649776999999999882e-03 8.509652200000000430e-03 1.739319300000000124e-02 -5.089223999999999831e-03 -2.389678300000000130e-02
0.000000000000000000e+00 -8.524795000000000430e-05 4.384659900000000259e-04 0.000000000000000000e+00 1.071004499999999920e-03 9.443652699999999667e-04 0.000000000000000000e+00 0.000000000000000000e+00 0.000000000000000000e+00 4.532608200000000104e-04 5.007086499999999956e-04 -3.946098499999999942e-04 -1.025397300000000023e+01 1.763073600000000019e+00 7.144366999999999912e+00 -1.144261099999999942e+01 -6.875777699999999770e-01 1.825313699999999914e-02 4.750933999999999990e+00 5.968369400000000269e+00 -4.885015400000000341e+01 4.202266600000000096e+01 8.608886499999999842e+01 4.940388000000000090e+01 -9.153873699999999676e-04 -1.862321799999999954e-03 4.329435599999999738e-03 1.144724599999999946e-02 1.778817699999999877e-02 9.625764800000000468e-03
0.000000000000000000e+00 -6.905476300000000209e-06 3.451977099999999771e-04 0.000000000000000000e+00 4.654193699999999850e-03 1.694671200000000093e-03 0.000000000000000000e+00 0.000000000000000000e+00 0.000000000000000000e+00 8.293305300000000267e-04 5.095938400000000297e-04 -1.269718200000000043e-03 -5.228143000000000029e+01 5.438609100000000307e-01 4.892277700000000173e+00 -8.857320500000000152e+00 -4.599467899999999942e-01 -6.329796399999999545e-01 5.025138100000000385e+00 3.159994100000000117e+01 -5.017977199999999982e+01 1.357639900000000033e+01 4.940388000000000090e+01 9.823210899999999413e+01 8.861805099999999977e-03 2.730708299999999762e-04 1.530808099999999942e-02 5.839292799999999672e-03 3.140391199999999911e-02 2.534920800000000154e-02
0.000000000000000000e+00 -1.989627900000000121e-07 3.660255400000000235e-07 0.000000000000000000e+00 -2.465336299999999891e-06 -4.757890799999999987e-07 0.000000000000000000e+00 0.000000000000000000e+00 0.000000000000000000e+00 2.115706500000000205e-06 -3.450477699999999933e-07 7.683314100000000575e-08 -6.665133900000000042e-03 -1.380647100000000072e-04 -2.423883699999999962e-04 1.807042299999999909e-03 -1.095072600000000090e-03 -1.887888099999999981e-04 8.516859699999999476e-05 6.786130799999999866e-03 2.725418500000000238e-04 7.172322599999999843e-04 -9.153873699999999676e-04 8.861805099999999977e-03 1.459587200000000105e-03 2.706869400000000013e-04 1.392649400000000118e-04 -3.301580699999999836e-04 -1.036821800000000001e-04 1.487749300000000030e-05
0.000000000000000000e+00 1.524991399999999995e-08 -4.685776900000000158e-07 0.000000000000000000e+00 -1.277616300000000106e-06 -8.433144600000000627e-06 0.000000000000000000e+00 0.000000000000000000e+00 0.000000000000000000e+00 -3.903334100000000102e-07 5.333121700000000257e-08 7.949584799999999582e-07 4.072283300000000212e-04 -7.485986199999999393e-05 -2.590898100000000150e-04 -3.962155599999999853e-04 2.375676900000000050e-03 3.884933199999999771e-04 2.557365800000000085e-03 5.390562300000000320e-03 1.074601099999999976e-02 3.649776999999999882e-03 -1.862321799999999954e-03 2.730708299999999762e-04 2.706869400000000013e-04 8.801127700000000191e-04 1.386302699999999977e-04 7.847741600000000296e-04 8.638060200000000316e-05 -5.638615799999999872e-04
0.000000000000000000e+00 -4.261730100000000236e-07 1.340391199999999959e-06 0.000000000000000000e+00 4.784328299999999829e-06 -1.715101099999999902e-05 0.000000000000000000e+00 0.000000000000000000e+00 0.000000000000000000e+00 6.277770299999999684e-06 -1.591570100000000102e-06 -1.396829700000000071e-06 2.369652500000000040e-03 -4.775059599999999889e-04 -1.547098599999999994e-03 -2.611580999999999972e-03 1.791581200000000058e-03 -7.863437099999999848e-04 -5.997277999999999984e-03 -1.140146899999999915e-02 2.060154000000000152e-02 8.509652200000000430e-03 4.329435599999999738e-03 1.530808099999999942e-02 1.392649400000000118e-04 1.386302699999999977e-04 7.380885400000000360e-03 -2.247439500000000118e-04 4.690633099999999859e-04 4.286267899999999728e-03
0.000000000000000000e+00 -2.090112999999999944e-07 5.678808399999999504e-07 0.000000000000000000e+00 -3.347108599999999963e-06 -1.287322999999999940e-05 0.000000000000000000e+00 0.000000000000000000e+00 0.000000000000000000e+00 -4.245657700000000149e-06 -1.715171699999999945e-07 1.246932699999999904e-06 -2.432309599999999891e-03 2.849538000000000093e-04 -9.286579300000000203e-04 -1.839465800000000036e-03 8.474497099999999652e-05 9.313931699999999491e-04 4.899778100000000067e-03 7.919904999999999654e-03 1.564555200000000094e-03 1.739319300000000124e-02 1.144724599999999946e-02 5.839292799999999672e-03 -3.301580699999999836e-04 7.847741600000000296e-04 -2.247439500000000118e-04 2.932498300000000065e-03 5.254317300000000421e-04 -1.176888700000000088e-03
0.000000000000000000e+00 -2.588323700000000166e-07 1.527255300000000029e-06 0.000000000000000000e+00 3.190007899999999809e-06 -2.175141400000000147e-05 0.000000000000000000e+00 0.000000000000000000e+00 0.000000000000000000e+00 -3.931193500000000294e-06 4.451802099999999875e-08 -5.743292799999999641e-07 -1.500037400000000035e-02 4.671524100000000175e-04 1.363293100000000048e-03 -2.801433199999999943e-03 -5.623411100000000502e-04 2.642976500000000176e-03 -1.800940899999999934e-04 -1.432907700000000050e-04 -9.430322399999999800e-03 -5.089223999999999831e-03 1.778817699999999877e-02 3.140391199999999911e-02 -1.036821800000000001e-04 8.638060200000000316e-05 4.690633099999999859e-04 5.254317300000000421e-04 6.339517499999999979e-03 7.430058300000000338e-03
0.000000000000000000e+00 -2.124639199999999849e-06 1.190667800000000052e-05 0.000000000000000000e+00 -8.658679299999999659e-06 -6.043392100000000166e-05 0.000000000000000000e+00 0.000000000000000000e+00 0.000000000000000000e+00 -3.906831100000000176e-06 -3.577903500000000073e-06 -3.707250300000000195e-06 -2.300813700000000142e-02 7.628401000000000149e-04 3.526450799999999823e-03 -6.613886199999999662e-04 1.027953899999999943e-03 6.140177099999999735e-03 8.457628300000000557e-03 1.287954300000000024e-02 -5.951809899999999792e-02 -2.389678300000000130e-02 9.625764800000000468e-03 2.534920800000000154e-02 1.487749300000000030e-05 -5.638615799999999872e-04 4.286267899999999728e-03 -1.176888700000000088e-03 7.430058300000000338e-03 7.001384300000000616e-02
